1335094826.3495 212 0 0.00939864944666624 
1335094826.50885 212 6.31913232803345 -0.491908520460129 
1335094826.64752 212 5.44883251190186 -0.567586719989777 
1335094826.80741 212 4.84340667724609 0.0378391146659851 
1335094826.90885 212 4.38933753967285 0.416230261325836 
1335094827.0473 212 3.91634845733643 1.1919322013855 
1335094827.14725 212 3.6893138885498 1.36220812797546 
1335094827.2874 212 3.38488101959229 1.57961106300354 
1335094827.44904 212 3.02712917327881 1.96763408184052 
1335094827.54752 212 3.10280752182007 1.92979490756989 
1335094827.7072 212 2.76225543022156 2.30818605422974 
1335094827.8476 212 2.78117489814758 2.21358823776245 
1335094827.94728 212 2.80009460449219 2.27034687995911 
1335094828.08772 212 2.87714886665344 2.14375782012939 
1335094828.20739 212 2.76225543022156 2.27034687995911 
1335094828.34709 212 2.72441625595093 2.32710552215576 
1335094828.48799 212 2.76431941986084 2.3694167137146 
1335094828.64744 212 2.76225543022156 2.23250794410706 
1335094828.80731 212 2.42170333862305 2.49738168716431 
1335094828.9075 212 2.61089897155762 2.45954251289368 
1335094829.04743 212 2.49738168716431 2.61089897155762 
1335094829.14887 212 2.6649112701416 2.40217351913452 
1335094829.2878 212 2.61089897155762 2.383864402771 
1335094829.40748 212 2.61089897155762 2.383864402771 
1335094829.54742 212 2.39848923683167 1.7132066488266 
1335094829.64785 212 1.91809916496277 1.63602578639984 
1335094829.79103 212 1.92979490756989 1.30544948577881 
1335094829.88874 212 1.70276021957397 1.24869084358215 
1335094830.04863 212 3.26744627952576 1.3297746181488 
1335094830.14734 212 4.02986574172974 0.964897453784943 
1335094830.24752 212 4.02986574172974 1.1919322013855 
1335094830.38799 212 3.06496834754944 2.27034687995911 
1335094830.54761 212 3.29200315475464 1.74059927463531 
1335094830.64756 212 3.17848563194275 1.92979490756989 
1335094830.8077 212 2.95145106315613 2.19466876983643 
1335094830.90789 212 3.10280752182007 1.96763408184052 
1335094831.04782 212 2.5455687046051 2.50757503509521 
1335094831.14727 212 2.64873814582825 2.42170333862305 
1335094831.30817 212 2.80009460449219 2.27034687995911 
1335094831.41638 212 2.80009460449219 2.45954251289368 
1335094831.5478 212 2.84951710700989 2.27961373329163 
1335094831.68747 212 2.56980991363525 2.45559620857239 
1335094831.84789 212 2.76431941986084 2.34120941162109 
1335094832.00731 212 2.60032844543457 2.29884123802185 
1335094832.14745 212 2.61089897155762 2.61089897155762 
1335094832.2874 212 2.55414032936096 2.49738168716431 
1335094832.40735 212 2.57305979728699 2.53522086143494 
1335094832.50776 212 2.4495849609375 2.48727083206177 
1335094832.64744 212 2.45559620857239 2.51270294189453 
1335094832.78738 212 2.55414032936096 2.78117489814758 
1335094832.94754 212 2.64873814582825 2.383864402771 
1335094833.10768 212 2.57305979728699 2.57305979728699 
1335094833.20762 212 2.34602522850037 2.68657732009888 
1335094833.3473 212 2.55414032936096 2.383864402771 
1335094833.44824 212 2.49738168716431 2.61089897155762 
1335094833.58768 212 2.32710552215576 2.44062304496765 
1335094833.70761 212 2.72441625595093 2.61089897155762 
1335094833.84753 212 2.78117489814758 2.32710552215576 
1335094834.00819 212 2.383864402771 2.61089897155762 
1335094834.14735 212 2.57305979728699 2.57305979728699 
1335094834.24782 212 2.48727083206177 2.52495670318604 
1335094834.40748 212 2.53522086143494 2.53522086143494 
1335094834.5079 212 2.383864402771 2.57305979728699 
1335094834.64858 212 2.95145106315613 2.19466876983643 
1335094834.78877 212 2.55414032936096 2.72441625595093 
1335094834.90769 212 2.45954251289368 2.45954251289368 
1335094835.04738 212 2.383864402771 2.66765761375427 
1335094835.14756 212 2.56980991363525 2.39848923683167 
1335094835.28807 212 2.44062304496765 2.66765761375427 
1335094835.38744 212 2.49738168716431 2.49738168716431 
1335094835.51136 212 2.57305979728699 2.45954251289368 
1335094835.64754 212 2.55414032936096 2.49738168716431 
1335094835.7877 212 2.62691688537598 2.51270294189453 
1335094835.95285 212 2.34602522850037 2.72441625595093 
1335094836.10729 212 2.5455687046051 2.46958136558533 
1335094836.24721 212 2.51270294189453 2.56980991363525 
1335094836.34739 212 2.61089897155762 2.55414032936096 
1335094836.44757 212 2.50757503509521 2.46958136558533 
1335094836.58751 212 2.61089897155762 2.44062304496765 
1335094836.7077 212 2.61089897155762 2.42170333862305 
1335094836.84912 212 2.66765761375427 2.49738168716431 
1335094836.94731 212 2.44062304496765 2.44062304496765 
1335094837.08773 212 2.79823732376099 2.62691688537598 
1335094837.18749 212 2.5856728553772 2.52821350097656 
1335094837.30786 212 2.57305979728699 2.45954251289368 
1335094837.40804 212 2.45954251289368 2.49738168716431 
1335094837.54796 212 2.50757503509521 2.5455687046051 
1335094837.64745 212 2.61089897155762 2.383864402771 
1335094837.78884 212 2.55414032936096 2.49738168716431 
1335094837.88758 212 2.61089897155762 2.44062304496765 
1335094837.98798 212 2.55414032936096 2.32710552215576 
1335094838.1477 212 2.45954251289368 2.64873814582825 
1335094838.28783 212 2.55414032936096 2.383864402771 
1335094838.40798 212 2.49738168716431 2.76225543022156 
1335094838.54816 212 2.53522086143494 2.45954251289368 
1335094838.68788 212 2.32710552215576 2.78117489814758 
1335094838.80758 212 2.30818605422974 2.76225543022156 
1335094838.92798 212 2.55414032936096 2.49738168716431 
1335094839.04765 212 2.50501894950867 2.50501894950867 
1335094839.14884 212 2.64313220977783 2.47075414657593 
1335094839.30778 212 2.82644414901733 2.26115536689758 
1335094839.44817 212 2.44062304496765 2.55414032936096 
1335094839.6076 212 2.68657732009888 2.383864402771 
1335094839.70976 212 2.64873814582825 2.383864402771 
1335094839.84795 212 2.55414032936096 2.44062304496765 
1335094840.00772 212 2.60032844543457 2.4495849609375 
1335094840.14729 212 2.56980991363525 2.51270294189453 
1335094840.30944 212 2.49738168716431 2.61089897155762 
1335094840.40768 212 2.42170333862305 2.49738168716431 
1335094840.50809 212 2.60032844543457 2.60032844543457 
1335094840.64801 212 2.62691688537598 2.39848923683167 
1335094840.80792 212 2.53522086143494 2.49738168716431 
1335094840.94783 212 2.53522086143494 2.57305979728699 
1335094841.08779 212 2.61089897155762 2.49738168716431 
1335094841.20771 212 2.5334849357605 2.44808673858643 
1335094841.34761 212 2.49738168716431 2.383864402771 
1335094841.44976 212 3.02712917327881 2.00547313690186 
1335094841.60785 212 2.64873814582825 2.57305979728699 
1335094841.70793 212 2.76225543022156 2.27034687995911 
1335094841.84808 212 2.82304620742798 2.21265769004822 
1335094841.94779 212 2.383864402771 2.72441625595093 
1335094842.10819 212 2.383864402771 2.64873814582825 
1335094842.24787 212 2.39848923683167 2.62691688537598 
1335094842.34808 212 2.383864402771 2.53522086143494 
1335094842.44902 212 2.61089897155762 2.57305979728699 
1335094842.58795 212 2.44062304496765 2.61089897155762 
1335094842.68915 212 2.49738168716431 2.44062304496765 
1335094842.84754 212 2.53522086143494 2.64873814582825 
1335094843.00851 212 2.46958136558533 2.31760716438293 
1335094843.14937 212 2.53522086143494 2.64873814582825 
1335094843.26784 212 2.49738168716431 2.61089897155762 
1335094843.40954 212 2.49738168716431 2.57305979728699 
1335094843.5479 212 2.62691688537598 2.56980991363525 
1335094843.6476 212 2.66765761375427 2.383864402771 
1335094843.78756 212 2.56980991363525 2.39848923683167 
1335094843.9077 212 2.51785206794739 2.51785206794739 
1335094844.02787 212 2.59507536888123 2.31300187110901 
1335094844.20792 212 2.86631298065186 2.29872632026672 
1335094844.32797 212 2.49738168716431 2.27034687995911 
1335094844.48914 212 2.74113059043884 2.39848923683167 
1335094844.60832 212 2.34602522850037 2.61089897155762 
1335094844.74801 212 2.79823732376099 2.34138226509094 
1335094844.84742 212 2.55414032936096 2.44062304496765 
1335094844.94763 212 2.383864402771 2.72441625595093 
1335094845.10782 212 2.72441625595093 2.30818605422974 
1335094845.24946 212 2.39848923683167 2.68402361869812 
1335094845.34764 212 2.53522086143494 2.53522086143494 
1335094845.44761 212 2.53522086143494 2.57305979728699 
1335094845.60759 212 2.68657732009888 2.34602522850037 
1335094845.70821 212 2.11899042129517 2.9136118888855 
1335094845.84862 212 2.32710552215576 2.49738168716431 
1335094845.94828 212 2.53522086143494 2.53522086143494 
1335094846.10805 212 2.42170333862305 2.61089897155762 
1335094846.20772 212 3.10280752182007 2.30818605422974 
1335094846.3476 212 2.32710552215576 2.72441625595093 
1335094846.44755 212 2.55414032936096 2.383864402771 
1335094846.60773 212 3.10280752182007 2.08115148544312 
1335094846.70794 212 2.383864402771 2.68657732009888 
1335094846.84782 212 2.55414032936096 2.44062304496765 
1335094846.94778 212 3.10280752182007 2.23250794410706 
1335094847.10818 212 2.33652710914612 2.71338629722595 
1335094847.24762 212 2.51270294189453 2.45559620857239 
1335094847.34761 212 2.29837584495544 2.75805115699768 
1335094847.50824 212 2.83793377876282 2.19466876983643 
1335094847.64788 212 2.32710552215576 2.55414032936096 
1335094847.74966 212 2.5626425743103 2.5626425743103 
1335094847.85227 212 2.77751326560974 2.40217351913452 
1335094848.0077 212 2.5626425743103 2.4495849609375 
1335094848.1476 212 2.45559620857239 2.45559620857239 
1335094848.30804 212 2.68657732009888 2.383864402771 
1335094848.40845 212 2.53522086143494 2.34602522850037 
1335094848.51692 212 2.5626425743103 2.63801455497742 
1335094848.62834 212 2.59507536888123 2.31300187110901 
1335094848.74951 212 2.59415054321289 2.51785206794739 
1335094848.84772 212 2.61089897155762 2.49738168716431 
1335094848.94792 212 2.42170333862305 2.53522086143494 
1335094849.04817 212 2.6215558052063 2.39359426498413 
1335094849.20779 212 2.58356213569641 2.50757503509521 
1335094849.34772 212 2.55414032936096 2.66765761375427 
1335094849.44814 212 2.49738168716431 2.55414032936096 
1335094849.60784 212 2.57305979728699 2.72441625595093 
1335094849.70801 212 2.80009460449219 2.1568295955658 
1335094849.84792 212 2.49738168716431 2.55414032936096 
1335094849.95036 212 2.69159197807312 2.41121792793274 
1335094850.1083 212 2.45954251289368 2.57305979728699 
1335094850.24793 212 2.51270294189453 2.62691688537598 
1335094850.34841 212 2.57305979728699 2.53522086143494 
1335094850.4479 212 2.50757503509521 2.5455687046051 
1335094850.55002 212 2.383864402771 2.61089897155762 
1335094850.6877 212 2.55414032936096 2.44062304496765 
1335094850.80764 212 2.34602522850037 2.27034687995911 
1335094850.90835 212 2.60032844543457 2.75107216835022 
1335094851.04801 212 2.77353000640869 2.31760716438293 
1335094851.14795 212 2.2842755317688 2.68402361869812 
1335094851.30884 212 2.76225543022156 2.34602522850037 
1335094851.44877 212 2.83793377876282 2.19466876983643 
1335094851.54825 212 2.53522086143494 2.49738168716431 
1335094851.70814 212 2.23250794410706 2.76225543022156 
1335094851.84856 212 2.76431941986084 2.53866076469421 
1335094851.98823 212 2.62691688537598 2.51270294189453 
1335094852.08842 212 2.55414032936096 2.49738168716431 
1335094852.20827 212 2.43158793449402 2.5455687046051 
1335094852.34827 212 2.49738168716431 2.44062304496765 
1335094852.44838 212 2.45954251289368 2.72441625595093 
1335094852.60842 212 2.53522086143494 2.61089897155762 
1335094852.74932 212 2.56980991363525 2.51270294189453 
1335094852.888 212 2.55414032936096 2.44062304496765 
1335094852.98821 212 2.49738168716431 2.44062304496765 
1335094853.11015 212 2.61089897155762 2.42170333862305 
1335094853.20808 212 2.68657732009888 2.1568295955658 
1335094853.34798 212 2.27034687995911 2.98929023742676 
1335094853.44769 212 2.64873814582825 2.42170333862305 
1335094853.60786 212 2.80009460449219 2.19466876983643 
1335094853.70782 212 2.45954251289368 2.42170333862305 
1335094853.8532 212 2.61089897155762 2.49738168716431 
1335094854.00861 212 2.40217351913452 2.6649112701416 
1335094854.14779 212 2.55414032936096 2.72441625595093 
1335094854.28894 212 2.44062304496765 2.61089897155762 
1335094854.44788 212 2.64873814582825 2.383864402771 
1335094854.54856 212 2.51477551460266 2.55230951309204 
1335094854.70797 212 2.72441625595093 2.27034687995911 
1335094854.84843 212 2.78117489814758 2.32710552215576 
1335094854.94836 212 2.64873814582825 2.49738168716431 
1335094855.108 212 2.67570042610168 2.33652710914612 
1335094855.25095 212 2.39359426498413 2.5455687046051 
1335094855.34813 212 2.64313220977783 2.35583543777466 
1335094855.4683 212 2.42583131790161 2.70790481567383 
1335094855.58826 212 2.39848923683167 2.45559620857239 
1335094855.70794 212 2.68657732009888 2.49738168716431 
1335094855.82834 212 2.29884123802185 2.63801455497742 
1335094855.95255 212 2.51270294189453 2.74113059043884 
1335094856.08878 212 2.61089897155762 2.45954251289368 
1335094856.20795 212 2.39359426498413 2.6975429058075 
1335094856.32816 212 2.44062304496765 2.72441625595093 
1335094856.42953 212 2.53522086143494 2.57305979728699 
1335094856.54832 212 2.53522086143494 2.42170333862305 
1335094856.68789 212 2.34138226509094 2.68402361869812 
1335094856.78861 212 2.5626425743103 2.60032844543457 
1335094856.90928 212 2.48727083206177 2.48727083206177 
1335094857.02918 212 2.44062304496765 2.49738168716431 
1335094857.14822 212 2.61089897155762 2.61089897155762 
1335094857.26807 212 2.70790481567383 2.31300187110901 
1335094857.40801 212 2.64873814582825 2.34602522850037 
1335094857.54817 212 2.74113059043884 2.45559620857239 
1335094857.70807 212 2.67570042610168 2.4495849609375 
1335094857.84813 212 2.57305979728699 2.42170333862305 
1335094857.94843 212 2.57305979728699 2.45954251289368 
1335094858.10859 212 2.34602522850037 2.68657732009888 
1335094858.24776 212 2.39848923683167 2.56980991363525 
1335094858.34798 212 2.64873814582825 2.57305979728699 
1335094858.4484 212 2.76225543022156 2.42170333862305 
1335094858.5486 212 2.82073402404785 2.256587266922 
1335094858.70829 212 2.45954251289368 2.80009460449219 
1335094858.84818 212 2.44062304496765 2.61089897155762 
1335094858.94852 212 2.383864402771 2.53522086143494 
1335094859.08829 212 2.76431941986084 2.42583131790161 
1335094859.20823 212 2.44808673858643 2.61888337135315 
1335094859.34791 212 2.383864402771 2.78117489814758 
1335094859.44833 212 2.57305979728699 2.49738168716431 
1335094859.55106 212 2.58984327316284 2.4397075176239 
1335094859.70822 212 2.31760716438293 2.77353000640869 
1335094859.84838 212 2.83793377876282 2.44062304496765 
1335094859.98805 212 2.53866076469421 2.65148997306824 
1335094860.14797 212 2.72441625595093 2.1568295955658 
1335094860.30839 212 2.49738168716431 2.68657732009888 
1335094860.40781 212 2.57305979728699 2.30818605422974 
1335094860.50829 212 2.37421298027039 2.41189885139465 
1335094860.64792 212 2.61089897155762 2.53522086143494 
1335094860.79035 212 2.32710552215576 2.83793377876282 
1335094860.9083 212 2.34602522850037 2.64873814582825 
1335094861.04822 212 2.32710552215576 2.78117489814758 
1335094861.14839 212 2.44062304496765 2.61089897155762 
1335094861.28834 212 2.44062304496765 2.49738168716431 
1335094861.40855 212 2.61089897155762 2.61089897155762 
1335094861.55019 212 2.79823732376099 2.45559620857239 
1335094861.68845 212 2.53866076469421 2.53866076469421 
1335094861.84828 212 2.54125642776489 2.54125642776489 
1335094862.00821 212 2.52495670318604 2.48727083206177 
1335094862.1481 212 2.55414032936096 2.66765761375427 
1335094862.30853 212 2.383864402771 2.64873814582825 
1335094862.44819 212 2.44062304496765 2.61089897155762 
1335094862.54914 212 2.46729278564453 2.57944226264954 
1335094862.68806 212 2.49738168716431 2.44062304496765 
1335094862.84823 212 2.83793377876282 2.11899042129517 
1335094863.00936 212 2.41189885139465 2.60032844543457 
1335094863.14978 212 2.58356213569641 2.6215558052063 
1335094863.30848 212 2.49738168716431 2.49738168716431 
1335094863.44839 212 2.383864402771 2.66765761375427 
1335094863.58808 212 2.383864402771 2.55414032936096 
1335094863.74947 212 2.33652710914612 2.71338629722595 
1335094863.90816 212 2.1568295955658 2.80009460449219 
1335094864.00808 212 2.52495670318604 2.52495670318604 
1335094864.14802 212 2.30818605422974 2.68657732009888 
1335094864.3084 212 2.68657732009888 2.42170333862305 
1335094864.40812 212 2.80009460449219 2.42170333862305 
1335094864.52805 212 2.44062304496765 2.55414032936096 
1335094864.64798 212 2.72441625595093 2.42170333862305 
1335094864.80839 212 2.53522086143494 2.57305979728699 
1335094864.94831 212 2.30818605422974 2.72441625595093 
1335094865.1085 212 2.30818605422974 2.80009460449219 
1335094865.22841 212 2.61089897155762 2.27034687995911 
1335094865.35135 212 2.55600118637085 2.59415054321289 
1335094865.51028 212 2.34602522850037 2.64873814582825 
1335094865.64819 212 2.44062304496765 2.55414032936096 
1335094865.80861 212 2.76225543022156 2.383864402771 
1335094865.90843 212 2.68657732009888 2.383864402771 
1335094866.00873 212 2.32710552215576 2.58984327316284 
1335094866.14849 212 2.383864402771 2.61089897155762 
1335094866.28858 212 2.49738168716431 2.55414032936096 
1335094866.38826 212 2.32710552215576 2.66765761375427 
1335094866.54916 212 2.52495670318604 2.48727083206177 
1335094866.6881 212 2.32710552215576 2.72441625595093 
1335094866.80855 212 2.57305979728699 2.42170333862305 
1335094866.9085 212 2.45954251289368 2.53522086143494 
1335094867.04814 212 2.10007095336914 2.83793377876282 
1335094867.20807 212 2.50501894950867 2.50501894950867 
1335094867.34797 212 2.45954251289368 2.68657732009888 
1335094867.44871 212 2.64873814582825 2.49738168716431 
1335094867.56884 212 2.18691849708557 2.74766683578491 
1335094867.70828 212 2.39115428924561 2.61888337135315 
1335094867.84844 212 2.49738168716431 2.72441625595093 
1335094867.94813 212 2.04331231117249 2.45954251289368 
1335094868.08832 212 1.70276021957397 2.27034687995911 
1335094868.20852 212 1.55140376091003 2.11899042129517 
1335094868.34815 212 1.0784147977829 1.70276021957397 
1335094868.50835 212 3.59471607208252 -2.76225543022156 
1335094868.6485 212 4.65421104431152 -5.39207410812378 
1335094868.8104 212 4.23798084259033 -4.27582025527954 
1335094868.9086 212 6.43264961242676 -0.870299637317657 
1335094869.04828 212 5.33531522750854 -0.0567586719989777 
1335094869.14848 212 4.54069375991821 0.0567586719989777 
1335094869.24842 212 4.06185722351074 0.733390867710114 
1335094869.38837 212 3.63255500793457 1.64600157737732 
1335094869.48883 212 3.57579636573792 1.36220812797546 
1335094869.64845 212 3.36768126487732 1.74059927463531 
1335094869.80837 212 2.98929023742676 1.89195585250854 
1335094869.94808 212 2.383864402771 2.53522086143494 
1335094870.06824 212 3.34876179695129 1.87303626537323 
1335094870.20868 212 3.17848563194275 1.96763408184052 
1335094870.34859 212 2.53522086143494 2.34602522850037 
1335094870.44882 212 2.61089897155762 2.61089897155762 
1335094870.60991 212 2.57305979728699 2.45954251289368 
1335094870.7486 212 2.35560083389282 2.84951710700989 
1335094870.8695 212 2.57305979728699 2.53522086143494 
1335094871.00971 212 2.76121401786804 2.33422207832336 
1335094871.14889 212 2.61089897155762 2.383864402771 
1335094871.30928 212 2.1568295955658 2.83793377876282 
1335094871.44946 212 2.57305979728699 2.383864402771 
1335094871.58861 212 2.383864402771 2.68657732009888 
1335094871.72858 212 2.56980991363525 2.56980991363525 
1335094871.84999 212 2.40340423583984 2.47970271110535 
1335094871.98816 212 2.84951710700989 2.58356213569641 
1335094872.08811 212 2.44062304496765 2.66765761375427 
1335094872.20858 212 2.56195116043091 2.50501894950867 
1335094872.34828 212 2.42170333862305 2.57305979728699 
1335094872.4484 212 2.68657732009888 2.42170333862305 
1335094872.5884 212 2.55414032936096 2.55414032936096 
1335094872.7285 212 2.53866076469421 2.48224592208862 
1335094872.84832 212 2.53522086143494 2.49738168716431 
1335094872.96887 212 2.27034687995911 2.83793377876282 
1335094873.08881 212 2.27034687995911 2.72441625595093 
1335094873.20873 212 2.49738168716431 2.53522086143494 
1335094873.35143 212 2.52576088905334 2.55414032936096 
1335094873.44861 212 2.72441625595093 2.49738168716431 
1335094873.56878 212 2.59507536888123 2.3694167137146 
1335094873.68897 212 2.62691688537598 2.39848923683167 
1335094873.8084 212 2.45954251289368 2.64873814582825 
1335094873.92866 212 2.80009460449219 2.30818605422974 
1335094874.04932 212 2.6215558052063 2.43158793449402 
1335094874.20819 212 2.58251976966858 2.46900224685669 
1335094874.35011 212 2.49738168716431 2.34602522850037 
1335094874.44857 212 2.57305979728699 2.72441625595093 
1335094874.54878 212 2.25203776359558 2.70244526863098 
1335094874.68892 212 2.49738168716431 2.44062304496765 
1335094874.84884 212 2.57305979728699 2.45954251289368 
1335094875.00951 212 2.383864402771 2.61089897155762 
1335094875.10896 212 2.67570042610168 2.48727083206177 
1335094875.24836 212 2.5455687046051 2.43158793449402 
1335094875.34881 212 2.72441625595093 2.34602522850037 
1335094875.44899 212 2.68657732009888 2.57305979728699 
1335094875.55193 212 2.55414032936096 2.55414032936096 
1335094875.68862 212 2.44062304496765 2.55414032936096 
1335094875.84853 212 2.49738168716431 2.42170333862305 
1335094876.00897 212 2.67570042610168 2.4495849609375 
1335094876.14862 212 2.42170333862305 2.68657732009888 
1335094876.28882 212 2.58984327316284 2.55230951309204 
1335094876.44869 212 2.30818605422974 2.83793377876282 
1335094876.60935 212 2.61089897155762 2.46900224685669 
1335094876.73026 212 2.35514307022095 2.74766683578491 
1335094876.84823 212 2.44062304496765 2.61089897155762 
1335094876.94847 212 2.68657732009888 2.45954251289368 
1335094877.08864 212 2.72441625595093 2.27034687995911 
1335094877.20833 212 2.59836339950562 2.45559620857239 
1335094877.35217 212 2.49738168716431 2.68657732009888 
1335094877.4484 212 2.53522086143494 2.45954251289368 
1335094877.58858 212 2.61089897155762 2.72441625595093 
1335094877.7085 212 2.46900224685669 2.46900224685669 
1335094877.84841 212 2.63229990005493 2.51785206794739 
1335094878.00858 212 2.63801455497742 2.4495849609375 
1335094878.14828 212 2.49738168716431 2.61089897155762 
1335094878.29268 212 2.41121792793274 2.52336764335632 
1335094878.43185 212 2.51270294189453 2.51270294189453 
1335094878.54853 212 2.62691688537598 2.56980991363525 
1335094878.68845 212 2.49738168716431 2.53522086143494 
1335094878.82885 212 2.6215558052063 2.50757503509521 
1335094878.94831 212 2.56980991363525 2.39848923683167 
1335094879.04876 212 2.49738168716431 2.44062304496765 
1335094879.14869 212 2.56980991363525 2.56980991363525 
1335094879.30885 212 2.42170333862305 2.42170333862305 
1335094879.4298 212 2.61089897155762 2.72441625595093 
1335094879.54847 212 2.51270294189453 2.45559620857239 
1335094879.66893 212 2.56980991363525 2.45559620857239 
1335094879.80882 212 2.50757503509521 2.6215558052063 
1335094879.94997 212 2.63801455497742 2.48727083206177 
1335094880.08868 212 2.57305979728699 2.53522086143494 
1335094880.20836 212 2.5455687046051 2.46958136558533 
1335094880.34953 212 2.72441625595093 2.44062304496765 
1335094880.50849 212 2.4495849609375 2.67570042610168 
1335094880.64861 212 2.45559620857239 2.56980991363525 
1335094880.81028 212 2.383864402771 2.64873814582825 
1335094880.90876 212 2.80009460449219 2.30818605422974 
1335094881.04863 212 2.55414032936096 2.49738168716431 
1335094881.14858 212 2.44062304496765 2.72441625595093 
1335094881.24952 212 2.42583131790161 2.48224592208862 
1335094881.38896 212 2.49738168716431 2.61089897155762 
1335094881.49042 212 2.70790481567383 2.70790481567383 
1335094881.60883 212 2.45954251289368 2.53522086143494 
1335094881.70854 212 2.53522086143494 2.53522086143494 
1335094881.85119 212 2.78117489814758 2.32710552215576 
1335094881.94837 212 2.42170333862305 2.61089897155762 
1335094882.09082 212 2.49738168716431 2.383864402771 
1335094882.20881 212 2.49738168716431 2.53522086143494 
1335094882.34891 212 2.44062304496765 2.61089897155762 
1335094882.44862 212 2.34602522850037 2.68657732009888 
1335094882.56906 212 2.65148997306824 2.65148997306824 
1335094882.68852 212 2.44062304496765 2.61089897155762 
1335094882.80842 212 2.45559620857239 2.56980991363525 
1335094882.92862 212 2.44062304496765 2.61089897155762 
1335094883.08851 212 2.383864402771 2.52576088905334 
1335094883.20895 212 2.53522086143494 2.68657732009888 
1335094883.32962 212 2.57305979728699 2.45954251289368 
1335094883.44855 212 2.49738168716431 2.383864402771 
1335094883.56951 212 2.75107216835022 2.41189885139465 
1335094883.70892 212 2.69603705406189 2.18520903587341 
1335094883.84859 212 2.64873814582825 2.64873814582825 
1335094883.94903 212 2.53522086143494 2.45954251289368 
1335094884.10969 212 2.68657732009888 2.383864402771 
1335094884.2501 212 2.50757503509521 2.6215558052063 
1335094884.34856 212 2.49738168716431 2.45954251289368 
1335094884.44876 212 2.68657732009888 2.45954251289368 
1335094884.60871 212 2.49738168716431 2.57305979728699 
1335094884.70865 212 2.53522086143494 2.49738168716431 
1335094884.84878 212 2.61089897155762 2.49738168716431 
1335094884.94848 212 2.49738168716431 2.53522086143494 
1335094885.10939 212 2.57305979728699 2.49738168716431 
1335094885.24904 212 2.41189885139465 2.4495849609375 
1335094885.38848 212 2.49738168716431 2.55414032936096 
1335094885.50867 212 2.50757503509521 2.6215558052063 
1335094885.6089 212 2.57305979728699 2.49738168716431 
1335094885.74891 212 2.5455687046051 2.50757503509521 
1335094885.84848 212 2.44155335426331 2.59415054321289 
1335094885.94917 212 2.64873814582825 2.45954251289368 
1335094886.10983 212 2.53522086143494 2.383864402771 
1335094886.24851 212 2.5455687046051 2.46958136558533 
1335094886.34871 212 2.53522086143494 2.53522086143494 
1335094886.4489 212 2.68657732009888 2.45954251289368 
1335094886.54885 212 2.55414032936096 2.44062304496765 
1335094886.70851 212 2.61089897155762 2.49738168716431 
1335094886.85019 212 2.51785206794739 2.47970271110535 
1335094886.94887 212 2.49738168716431 2.61089897155762 
1335094887.10878 212 2.45954251289368 2.53522086143494 
1335094887.24844 212 2.51270294189453 2.56980991363525 
1335094887.34866 212 2.42170333862305 2.61089897155762 
1335094887.44909 212 2.49738168716431 2.383864402771 
1335094887.54904 212 2.61089897155762 2.61089897155762 
1335094887.64923 212 2.53866076469421 2.42583131790161 
1335094887.80903 212 2.6215558052063 2.39359426498413 
1335094887.90862 212 2.53522086143494 2.64873814582825 
1335094888.00909 212 2.5455687046051 2.50757503509521 
1335094888.14901 212 2.51270294189453 2.39848923683167 
1335094888.30916 212 2.49738168716431 2.53522086143494 
1335094888.40859 212 2.49738168716431 2.42170333862305 
1335094888.50878 212 2.60032844543457 2.60032844543457 
1335094888.64866 212 2.49738168716431 2.55414032936096 
1335094888.78962 212 2.55414032936096 2.61089897155762 
1335094888.90886 212 2.45954251289368 2.72441625595093 
1335094889.04895 212 2.61089897155762 2.44062304496765 
1335094889.14888 212 2.49738168716431 2.53522086143494 
1335094889.24869 212 2.48727083206177 2.52495670318604 
1335094889.41027 212 2.57305979728699 2.45954251289368 
1335094889.50921 212 2.4495849609375 2.48727083206177 
1335094889.64885 212 2.53522086143494 2.42170333862305 
1335094889.7888 212 2.49738168716431 2.383864402771 
1335094889.909 212 2.49738168716431 2.53522086143494 
1335094890.0087 212 2.4495849609375 2.48727083206177 
1335094890.14885 212 2.45954251289368 2.61089897155762 
1335094890.28879 212 2.55414032936096 2.55414032936096 
1335094890.40971 212 2.49738168716431 2.53522086143494 
1335094890.50915 212 2.45954251289368 2.61089897155762 
1335094890.6488 212 2.45954251289368 2.49738168716431 
1335094890.78874 212 2.44062304496765 2.49738168716431 
1335094890.90923 212 2.59415054321289 2.55600118637085 
1335094891.0486 212 2.61089897155762 2.49738168716431 
1335094891.14903 212 2.51270294189453 2.51270294189453 
1335094891.28923 212 2.66765761375427 2.383864402771 
1335094891.40918 212 2.60032844543457 2.37421298027039 
1335094891.54907 212 2.44062304496765 2.83793377876282 
1335094891.68849 212 2.44062304496765 2.55414032936096 
1335094891.79019 212 2.59507536888123 2.48224592208862 
1335094891.9491 212 2.5626425743103 2.60032844543457 
1335094892.10877 212 2.53522086143494 2.45954251289368 
1335094892.24906 212 2.50757503509521 2.58356213569641 
1335094892.34863 212 2.49738168716431 2.57305979728699 
1335094892.44882 212 2.49738168716431 2.53522086143494 
1335094892.60924 212 2.53522086143494 2.64873814582825 
1335094892.70868 212 2.42170333862305 2.53522086143494 
1335094892.84861 212 2.45954251289368 2.45954251289368 
1335094892.9488 212 2.57305979728699 2.57305979728699 
1335094893.10898 212 2.48414945602417 2.48414945602417 
1335094893.24886 212 2.6215558052063 2.6215558052063 
1335094893.38858 212 2.49738168716431 2.49738168716431 
1335094893.50899 212 2.5455687046051 2.58356213569641 
1335094893.64917 212 2.72441625595093 2.55414032936096 
1335094893.78932 212 2.46729278564453 2.41121792793274 
1335094893.94872 212 2.68657732009888 2.42170333862305 
1335094894.08919 212 2.49738168716431 2.55414032936096 
1335094894.21197 212 2.6215558052063 2.43158793449402 
1335094894.35027 212 2.55414032936096 2.55414032936096 
1335094894.4492 212 2.42170333862305 2.53522086143494 
1335094894.54895 212 2.67570042610168 2.22346925735474 
1335094894.65065 212 2.33652710914612 2.4495849609375 
1335094894.80928 212 2.61089897155762 2.53522086143494 
1335094894.90897 212 2.48727083206177 2.67570042610168 
1335094895.04862 212 2.51785206794739 2.55600118637085 
1335094895.14918 212 2.61089897155762 2.49738168716431 
1335094895.24877 212 2.45954251289368 2.53522086143494 
1335094895.40894 212 2.383864402771 2.49738168716431 
1335094895.54961 212 2.61089897155762 2.49738168716431 
1335094895.66887 212 2.5856728553772 2.75805115699768 
1335094895.78924 212 2.39848923683167 2.62691688537598 
1335094895.90917 212 2.61089897155762 2.49738168716431 
1335094896.04955 212 2.45954251289368 2.61089897155762 
1335094896.18938 212 2.61089897155762 2.35548496246338 
1335094896.30871 212 2.77353000640869 2.6215558052063 
1335094896.42884 212 2.45954251289368 2.53522086143494 
1335094896.54879 212 2.68402361869812 2.45559620857239 
1335094896.649 212 2.42170333862305 2.68657732009888 
1335094896.80939 212 2.53522086143494 2.49738168716431 
1335094896.92485 212 2.53522086143494 2.45954251289368 
1335094897.05053 212 2.66765761375427 2.383864402771 
1335094897.1492 212 2.49738168716431 2.49738168716431 
1335094897.24892 212 2.57305979728699 2.57305979728699 
1335094897.38884 212 2.44062304496765 2.55414032936096 
1335094897.50902 212 2.50757503509521 2.50757503509521 
1335094897.60871 212 2.57305979728699 2.57305979728699 
1335094897.74914 212 2.31760716438293 2.58356213569641 
1335094897.85008 212 2.49738168716431 2.72441625595093 
1335094898.009 212 2.71338629722595 2.63801455497742 
1335094898.10973 212 2.4495849609375 2.5626425743103 
1335094898.24887 212 2.61089897155762 2.45954251289368 
1335094898.34906 212 2.64873814582825 2.42170333862305 
1335094898.44875 212 2.34602522850037 2.61089897155762 
1335094898.54919 212 2.83793377876282 2.383864402771 
1335094898.64963 212 2.42583131790161 2.65148997306824 
1335094898.78881 212 2.55414032936096 2.55414032936096 
1335094898.91001 212 2.53522086143494 2.49738168716431 
1335094899.04892 212 2.49738168716431 2.55414032936096 
1335094899.14884 212 2.5455687046051 2.6215558052063 
1335094899.29453 212 2.32710552215576 2.49738168716431 
1335094899.41073 212 2.53522086143494 2.61089897155762 
1335094899.50992 212 2.33652710914612 2.60032844543457 
1335094899.65056 212 2.49738168716431 2.80009460449219 
1335094899.74878 212 2.5626425743103 2.48727083206177 
1335094899.90922 212 2.42170333862305 2.49738168716431 
1335094900.00914 212 2.5455687046051 2.58356213569641 
1335094900.14904 212 2.53522086143494 2.53522086143494 
1335094900.29025 212 2.51270294189453 2.45559620857239 
1335094900.41067 212 2.57305979728699 2.45954251289368 
1335094900.54884 212 2.44062304496765 2.383864402771 
1335094900.64926 212 2.66765761375427 2.61089897155762 
1335094900.78872 212 2.44062304496765 2.383864402771 
1335094900.90921 212 2.55414032936096 2.63927841186523 
1335094901.02907 212 2.44062304496765 2.49738168716431 
1335094901.14902 212 2.49738168716431 2.55414032936096 
1335094901.26895 212 2.49738168716431 2.49738168716431 
1335094901.36888 212 2.45954251289368 2.64873814582825 
1335094901.48932 212 2.49738168716431 2.57305979728699 
1335094901.60899 212 2.45954251289368 2.64873814582825 
1335094901.7299 212 2.383864402771 2.68657732009888 
1335094901.84885 212 2.44062304496765 2.61089897155762 
1335094901.94931 212 2.42170333862305 2.57305979728699 
1335094902.10948 212 2.48979091644287 2.51808381080627 
1335094902.24967 212 2.52495670318604 2.41189885139465 
1335094902.39082 212 2.383864402771 2.66765761375427 
1335094902.52948 212 2.47724151611328 2.58984327316284 
1335094902.64918 212 2.48224592208862 2.65148997306824 
1335094902.8091 212 2.57305979728699 2.42170333862305 
1335094902.90906 212 2.45954251289368 2.57305979728699 
1335094903.04923 212 2.35560083389282 2.7355363368988 
1335094903.15216 212 2.62691688537598 2.51270294189453 
1335094903.26884 212 2.383864402771 2.66765761375427 
1335094903.39052 212 2.44062304496765 2.61089897155762 
1335094903.50972 212 2.45559620857239 2.62691688537598 
1335094903.62989 212 2.4397075176239 2.58984327316284 
1335094903.76903 212 2.58356213569641 2.50757503509521 
1335094903.90951 212 2.57305979728699 2.57305979728699 
1335094904.02967 212 2.21358823776245 3.00820970535278 
1335094904.1501 212 2.27034687995911 2.72441625595093 
1335094904.26953 212 2.55414032936096 2.78117489814758 
1335094904.40897 212 2.49738168716431 3.21632480621338 
1335094904.52938 212 2.35560083389282 2.50757503509521 
1335094904.64932 212 2.57305979728699 2.57305979728699 
1335094904.77073 212 2.43158793449402 2.6975429058075 
1335094904.88945 212 2.42170333862305 2.64873814582825 
1335094904.98923 212 2.383864402771 2.61089897155762 
1335094905.08983 212 2.45954251289368 2.57305979728699 
1335094905.22922 212 2.32710552215576 2.61089897155762 
1335094905.34974 212 2.23250794410706 2.76225543022156 
1335094905.44939 212 2.383864402771 2.80009460449219 
1335094905.59034 212 1.77843844890594 2.45954251289368 
1335094905.68902 212 1.75951886177063 2.32710552215576 
1335094905.82916 212 1.36220812797546 2.1568295955658 
1335094905.92912 212 1.32436907291412 1.81627750396729 
1335094906.06902 212 0.807755649089813 1.76936960220337 
1335094906.16899 212 3.08377194404602 -2.45559620857239 
1335094906.26916 212 5.84614324569702 -6.12993669509888 
1335094906.4296 212 5.25963687896729 -5.07044172286987 
1335094906.54927 212 4.8812460899353 -4.72988939285278 
1335094906.66895 212 6.73861265182495 -1.25635147094727 
1335094906.78965 212 5.92354154586792 -1.24112296104431 
1335094906.92933 212 6.47048902511597 -0.964897453784943 
1335094907.09047 212 4.61637210845947 0.0378391146659851 
1335094907.18943 212 4.07007932662964 0.979833960533142 
1335094907.33109 212 3.51903772354126 1.70276021957397 
1335094907.45353 212 2.68657732009888 2.383864402771 
1335094907.54971 212 2.26115536689758 2.63801455497742 
1335094907.68915 212 2.06006073951721 3.24268817901611 
1335094907.81007 212 1.74770379066467 3.26744627952576 
1335094907.91128 212 1.77843844890594 3.21632480621338 
1335094908.00946 212 1.89195585250854 3.21632480621338 
1335094908.16912 212 1.92979490756989 3.1406466960907 
1335094908.3093 212 2.08115148544312 3.06496834754944 
1335094908.42923 212 2.1568295955658 2.9136118888855 
1335094908.54918 212 2.20362663269043 2.84951710700989 
1335094908.6494 212 2.383864402771 2.55414032936096 
1335094908.7908 212 2.32710552215576 2.61089897155762 
1335094908.88933 212 2.45954251289368 2.34602522850037 
1335094909.02915 212 2.45559620857239 2.91245126724243 
1335094909.14933 212 2.49738168716431 2.61089897155762 
1335094909.28902 212 2.44808673858643 2.73274779319763 
1335094909.38956 212 2.47075414657593 2.52821350097656 
1335094909.52936 212 2.64313220977783 2.45160102844238 
1335094909.68954 212 2.63927841186523 2.41224360466003 
1335094909.82893 212 2.55414032936096 2.44062304496765 
1335094909.94889 212 2.85534429550171 2.62691688537598 
1335094910.0493 212 2.57305979728699 2.57305979728699 
1335094910.1895 212 2.56195116043091 2.47655272483826 
1335094910.34965 212 2.65954923629761 2.46958136558533 
1335094910.44912 212 2.49738168716431 2.53522086143494 
1335094910.54956 212 2.52495670318604 2.60032844543457 
1335094910.65 212 2.6649112701416 2.55230951309204 
1335094910.76917 212 2.27034687995911 2.72441625595093 
1335094910.88911 212 2.45954251289368 2.57305979728699 
1335094910.98956 212 2.383864402771 2.55414032936096 
1335094911.12947 212 2.23250794410706 2.72441625595093 
1335094911.24915 212 2.74674773216248 2.32710552215576 
1335094911.38961 212 2.72441625595093 2.383864402771 
1335094911.49004 212 2.61089897155762 2.49738168716431 
1335094911.60948 212 2.67044901847839 2.44155335426331 
1335094911.72965 212 2.57944226264954 2.52336764335632 
1335094911.84909 212 2.51785206794739 2.51785206794739 
1335094911.94929 212 2.61089897155762 2.383864402771 
1335094912.08946 212 2.44062304496765 2.78117489814758 
1335094912.21021 212 2.5455687046051 2.50757503509521 
1335094912.32931 212 2.49738168716431 2.383864402771 
1335094912.45124 212 2.49738168716431 2.76225543022156 
1335094912.59117 212 2.72441625595093 2.27034687995911 
1335094912.72908 212 2.383864402771 2.72441625595093 
1335094912.84933 212 2.44062304496765 2.66765761375427 
1335094912.97022 212 2.53522086143494 2.57305979728699 
1335094913.10914 212 2.47655272483826 2.64734959602356 
1335094913.2497 212 2.5626425743103 2.41189885139465 
1335094913.34975 212 2.55230951309204 2.58984327316284 
1335094913.50968 212 2.7355363368988 2.20362663269043 
1335094913.64957 212 2.49738168716431 2.66765761375427 
1335094913.78951 212 2.44062304496765 2.49738168716431 
1335094913.8897 212 2.48224592208862 2.53866076469421 
1335094914.05011 212 2.6215558052063 2.50757503509521 
1335094914.14904 212 2.57305979728699 2.45954251289368 
1335094914.30998 212 2.57305979728699 2.53522086143494 
1335094914.40967 212 2.3652548789978 2.40340423583984 
1335094914.50936 212 3.02712917327881 2.57305979728699 
1335094914.64978 212 2.55414032936096 2.49738168716431 
1335094914.80974 212 2.64873814582825 2.42170333862305 
1335094914.90942 212 2.72441625595093 2.45954251289368 
1335094915.04955 212 2.44062304496765 2.49738168716431 
1335094915.14899 212 2.56980991363525 2.51270294189453 
1335094915.30917 212 2.57305979728699 2.57305979728699 
1335094915.40912 212 2.53522086143494 2.53522086143494 
1335094915.5093 212 2.5626425743103 2.4495849609375 
1335094915.64946 212 2.53522086143494 2.49738168716431 
1335094915.74918 212 2.53522086143494 2.383864402771 
1335094915.90936 212 2.49738168716431 2.57305979728699 
1335094916.01078 212 2.80009460449219 2.34602522850037 
1335094916.14968 212 2.39848923683167 2.62691688537598 
1335094916.28937 212 2.383864402771 2.55414032936096 
1335094916.38933 212 2.61089897155762 2.383864402771 
1335094916.50976 212 2.5455687046051 2.5455687046051 
1335094916.61022 212 2.57305979728699 2.53522086143494 
1335094916.72916 212 2.66765761375427 2.49738168716431 
1335094916.8496 212 2.5856728553772 2.52821350097656 
1335094916.96983 212 2.65148997306824 2.3694167137146 
1335094917.08945 212 2.66765761375427 2.49738168716431 
1335094917.24984 212 2.55414032936096 2.44062304496765 
1335094917.39152 212 2.66765761375427 2.32710552215576 
1335094917.5307 212 2.67581558227539 2.41962051391602 
1335094917.64937 212 2.45954251289368 2.61089897155762 
1335094917.80935 212 2.383864402771 2.80009460449219 
1335094917.90925 212 2.61089897155762 2.53522086143494 
1335094918.00944 212 2.52495670318604 2.4495849609375 
1335094918.15082 212 2.383864402771 2.55414032936096 
1335094918.30976 212 2.72441625595093 2.53522086143494 
1335094918.40921 212 2.49738168716431 2.61089897155762 
1335094918.55 212 2.48727083206177 2.52495670318604 
1335094918.6928 212 2.83793377876282 2.44062304496765 
1335094918.80925 212 2.42170333862305 2.57305979728699 
1335094918.90944 212 2.61089897155762 2.34602522850037 
1335094919.04935 212 2.77353000640869 2.50757503509521 
1335094919.15177 212 2.64873814582825 2.45954251289368 
1335094919.31195 212 2.49738168716431 2.53522086143494 
1335094919.40965 212 2.68657732009888 2.42170333862305 
1335094919.54959 212 2.64873814582825 2.34602522850037 
1335094919.68925 212 2.2842755317688 2.56980991363525 
1335094919.80943 212 2.61089897155762 2.57305979728699 
1335094919.9094 212 2.49738168716431 2.61089897155762 
1335094920.0096 212 2.53522086143494 2.57305979728699 
1335094920.14964 212 2.64873814582825 2.49738168716431 
1335094920.30964 212 2.42170333862305 2.49738168716431 
1335094920.44982 212 2.64873814582825 2.383864402771 
1335094920.60975 212 2.57305979728699 2.53522086143494 
1335094920.71093 212 2.45954251289368 2.57305979728699 
1335094920.84935 212 2.53522086143494 2.61089897155762 
1335094920.95079 212 2.55414032936096 2.61089897155762 
1335094921.08969 212 2.55414032936096 2.44062304496765 
1335094921.25339 212 2.52495670318604 2.52495670318604 
1335094921.34982 212 2.60032844543457 2.41189885139465 
1335094921.50948 212 2.49738168716431 2.68657732009888 
1335094921.64964 212 2.58356213569641 2.35560083389282 
1335094921.79659 212 2.52336764335632 2.63551712036133 
1335094921.89028 212 2.46729278564453 2.52336764335632 
1335094922.00946 212 2.64873814582825 2.383864402771 
1335094922.14961 212 2.49738168716431 2.49738168716431 
1335094922.28954 212 2.61089897155762 2.32710552215576 
1335094922.38974 212 2.61089897155762 2.61089897155762 
1335094922.53292 212 2.3694167137146 2.59507536888123 
1335094922.65136 212 2.61089897155762 2.49738168716431 
1335094922.78952 212 2.49738168716431 2.49738168716431 
1335094922.88971 212 2.61089897155762 2.383864402771 
1335094923.04937 212 2.6215558052063 2.46958136558533 
1335094923.15006 212 2.53522086143494 2.57305979728699 
1335094923.29003 212 2.53866076469421 2.48224592208862 
1335094923.40944 212 2.45954251289368 2.49738168716431 
1335094923.51115 212 2.33652710914612 2.71338629722595 
1335094923.64979 212 2.89469242095947 2.44062304496765 
1335094923.81225 212 2.42170333862305 2.57305979728699 
1335094923.90993 212 2.49738168716431 2.45954251289368 
1335094924.00988 212 2.72441625595093 2.34602522850037 
1335094924.15025 212 2.39848923683167 2.68402361869812 
1335094924.30967 212 2.64873814582825 2.53522086143494 
1335094924.44983 212 2.55600118637085 2.55600118637085 
1335094924.5898 212 2.49738168716431 2.55414032936096 
1335094924.70946 212 2.57305979728699 2.45954251289368 
1335094924.81016 212 2.6649112701416 2.58984327316284 
1335094924.94957 212 2.66765761375427 2.44062304496765 
1335094925.08951 212 2.61089897155762 2.44062304496765 
1335094925.24992 212 2.52495670318604 2.48727083206177 
1335094925.35011 212 2.57944226264954 2.46729278564453 
1335094925.51001 212 2.49738168716431 2.68657732009888 
1335094925.64944 212 2.53522086143494 2.42170333862305 
1335094925.80986 212 2.53522086143494 2.42170333862305 
1335094925.90979 212 2.57305979728699 2.64873814582825 
1335094926.01074 212 2.52495670318604 2.33652710914612 
1335094926.14939 212 2.5455687046051 2.6975429058075 
1335094926.28957 212 2.61089897155762 2.383864402771 
1335094926.4098 212 2.49738168716431 2.45954251289368 
1335094926.50974 212 2.42170333862305 2.64873814582825 
1335094926.65088 212 2.66765761375427 2.49738168716431 
1335094926.78981 212 2.52336764335632 2.57944226264954 
1335094926.94972 212 2.49738168716431 2.45954251289368 
1335094927.11013 212 2.48727083206177 2.48727083206177 
1335094927.25104 212 2.63229990005493 2.51785206794739 
1335094927.35001 212 2.45954251289368 2.383864402771 
1335094927.44944 212 2.72441625595093 2.53522086143494 
1335094927.61267 212 2.46958136558533 2.46958136558533 
1335094927.70961 212 2.68657732009888 2.49738168716431 
1335094927.84997 212 2.55414032936096 2.44062304496765 
1335094927.9504 212 2.49738168716431 2.49738168716431 
1335094928.07081 212 2.55414032936096 2.44062304496765 
1335094928.20954 212 2.65954923629761 2.6215558052063 
1335094928.34944 212 2.55414032936096 2.49738168716431 
1335094928.50986 212 2.45954251289368 2.57305979728699 
1335094928.6098 212 2.49738168716431 2.53522086143494 
1335094928.75248 212 2.383864402771 2.57305979728699 
1335094928.84967 212 2.53522086143494 2.42170333862305 
1335094928.94986 212 2.55414032936096 2.44062304496765 
1335094929.10976 212 2.49738168716431 2.61089897155762 
1335094929.21045 212 2.53522086143494 2.53522086143494 
1335094929.34987 212 2.70244526863098 2.4397075176239 
1335094929.48956 212 2.49738168716431 2.49738168716431 
1335094929.61 212 2.45954251289368 2.49738168716431 
1335094929.70969 212 2.72441625595093 2.49738168716431 
1335094929.84959 212 2.55600118637085 2.40340423583984 
1335094929.94956 212 2.43158793449402 2.65954923629761 
1335094930.11074 212 2.80009460449219 2.49738168716431 
1335094930.2499 212 2.45559620857239 2.62691688537598 
1335094930.34983 212 2.44062304496765 2.49738168716431 
1335094930.44976 212 2.64873814582825 2.57305979728699 
1335094930.54997 212 2.32710552215576 2.62737727165222 
1335094930.70989 212 2.45954251289368 2.42170333862305 
1335094930.84957 212 2.72441625595093 2.61089897155762 
1335094930.98996 212 2.44062304496765 2.383864402771 
1335094931.15213 212 2.49738168716431 2.45954251289368 
1335094931.31184 212 2.68657732009888 2.383864402771 
1335094931.40952 212 2.49738168716431 2.45954251289368 
1335094931.5102 212 2.57944226264954 2.54205918312073 
1335094931.65035 212 2.62737727165222 2.4397075176239 
1335094931.79057 212 2.46729278564453 2.52336764335632 
1335094931.91 212 2.47655272483826 2.50501894950867 
1335094932.01042 212 2.72441625595093 2.45954251289368 
1335094932.15256 212 2.53522086143494 2.61089897155762 
1335094932.2895 212 2.49738168716431 2.383864402771 
1335094932.4097 212 2.61089897155762 2.61089897155762 
1335094932.54986 212 2.49738168716431 2.44062304496765 
1335094932.65029 212 2.43158793449402 2.6215558052063 
1335094932.79025 212 2.61089897155762 2.49738168716431 
1335094932.91141 212 2.49738168716431 2.64873814582825 
1335094933.04958 212 2.66765761375427 2.44062304496765 
1335094933.15002 212 2.76225543022156 2.34602522850037 
1335094933.24973 212 2.60032844543457 2.52495670318604 
1335094933.4099 212 2.45954251289368 2.53522086143494 
1335094933.51284 212 2.72441625595093 2.383864402771 
1335094933.65025 212 2.383864402771 2.61089897155762 
1335094933.78968 212 2.44062304496765 2.55414032936096 
1335094933.88987 212 2.42583131790161 2.70790481567383 
1335094934.00981 212 2.49738168716431 2.61089897155762 
1335094934.14947 212 2.49738168716431 2.49738168716431 
1335094934.28966 212 2.44062304496765 2.49738168716431 
1335094934.44983 212 2.61089897155762 2.45954251289368 
1335094934.55005 212 2.32710552215576 2.6649112701416 
1335094934.70967 212 2.64873814582825 2.383864402771 
1335094934.84957 212 2.58356213569641 2.50757503509521 
1335094934.94953 212 2.53522086143494 2.64873814582825 
1335094935.11024 212 2.60032844543457 2.48727083206177 
1335094935.24937 212 2.56980991363525 2.56980991363525 
1335094935.3503 212 2.44062304496765 2.32710552215576 
1335094935.45149 212 2.53522086143494 2.42170333862305 
1335094935.54996 212 2.42170333862305 2.72441625595093 
1335094935.70961 212 2.39359426498413 2.5455687046051 
1335094935.85004 212 2.61089897155762 2.44062304496765 
1335094935.94971 212 2.55414032936096 2.66765761375427 
1335094936.04993 212 2.36463952064514 2.58984327316284 
1335094936.20984 212 2.49738168716431 2.42170333862305 
1335094936.34976 212 2.49738168716431 2.49738168716431 
1335094936.4897 212 2.49738168716431 2.44062304496765 
1335094936.59063 212 2.57944226264954 2.69159197807312 
1335094936.72954 212 2.32710552215576 2.49738168716431 
1335094936.89199 212 2.44062304496765 2.55414032936096 
1335094936.98966 212 2.44062304496765 2.55414032936096 
1335094937.15105 212 2.53522086143494 2.57305979728699 
1335094937.25101 212 2.52495670318604 2.48727083206177 
1335094937.39232 212 2.65148997306824 2.53866076469421 
1335094937.52961 212 2.56980991363525 2.51270294189453 
1335094937.65004 212 2.49738168716431 2.55414032936096 
1335094937.81468 212 2.34602522850037 2.42170333862305 
1335094937.92963 212 2.49738168716431 2.57305979728699 
1335094938.0496 212 2.5455687046051 2.5455687046051 
1335094938.14977 212 2.53522086143494 2.57305979728699 
1335094938.31092 212 2.45954251289368 2.64873814582825 
1335094938.44983 212 2.57305979728699 2.34602522850037 
1335094938.55004 212 2.4397075176239 2.62737727165222 
1335094938.70996 212 2.49738168716431 2.49738168716431 
1335094938.85013 212 2.383864402771 2.44062304496765 
1335094938.99278 212 2.46729278564453 2.57944226264954 
1335094939.14971 212 2.64873814582825 2.61089897155762 
1335094939.31012 212 2.45954251289368 2.76225543022156 
1335094939.40983 212 2.45954251289368 2.53522086143494 
1335094939.55011 212 2.08115148544312 2.383864402771 
1335094939.69067 212 2.51270294189453 2.51270294189453 
1335094939.81859 212 2.42170333862305 2.57305979728699 
1335094939.9103 212 2.57305979728699 2.49738168716431 
1335094940.0517 212 2.49738168716431 2.49738168716431 
1335094940.18988 212 2.49738168716431 2.61089897155762 
1335094940.31007 212 2.57305979728699 2.57305979728699 
1335094940.41005 212 2.49738168716431 2.49738168716431 
1335094940.54971 212 2.43158793449402 2.58356213569641 
1335094940.65038 212 2.63229990005493 2.51785206794739 
1335094940.81128 212 2.53522086143494 2.57305979728699 
1335094940.9105 212 2.42170333862305 2.49738168716431 
1335094941.04989 212 2.46958136558533 2.50757503509521 
1335094941.14987 212 2.42170333862305 2.68657732009888 
1335094941.2518 212 2.33652710914612 2.52495670318604 
1335094941.40971 212 2.30818605422974 2.64873814582825 
1335094941.55011 212 2.53866076469421 2.5001962184906 
1335094941.65008 212 2.30818605422974 3.10280752182007 
1335094941.81026 212 2.34602522850037 2.49738168716431 
1335094941.90993 212 2.42170333862305 2.68657732009888 
1335094942.01062 212 2.41189885139465 2.67570042610168 
1335094942.1503 212 2.53522086143494 2.53522086143494 
1335094942.3157 212 2.42170333862305 2.76225543022156 
1335094942.41016 212 2.53522086143494 2.49738168716431 
1335094942.55106 212 2.42170333862305 2.64873814582825 
1335094942.68999 212 2.383864402771 2.72441625595093 
1335094942.81019 212 2.37421298027039 2.5626425743103 
1335094942.94962 212 2.45559620857239 2.56980991363525 
1335094943.04979 212 2.49738168716431 2.44062304496765 
1335094943.15027 212 2.42170333862305 2.76225543022156 
1335094943.31018 212 2.27034687995911 2.68657732009888 
1335094943.40985 212 2.383864402771 2.72441625595093 
1335094943.5103 212 2.32710552215576 2.58984327316284 
1335094943.6502 212 2.03503966331482 2.8641300201416 
1335094943.78967 212 1.92979490756989 2.55414032936096 
1335094943.91006 212 1.74059927463531 2.383864402771 
1335094944.00979 212 1.43788635730743 2.19466876983643 
1335094944.15196 212 1.09733438491821 1.89195585250854 
1335094944.28913 212 0.923149347305298 1.73090505599976 
1335094944.39034 212 2.89469242095947 -2.383864402771 
1335094944.51003 212 5.88900184631348 -6.00298261642456 
1335094944.61046 212 5.10828065872192 -5.03260231018066 
1335094944.71042 212 4.61637210845947 -4.61637210845947 
1335094944.85049 212 6.77320194244385 -1.40004730224609 
1335094944.95026 212 5.37315464019775 -0.567586719989777 
1335094945.11215 212 4.50285482406616 0.491908520460129 
1335094945.25011 212 4.21728515625 1.13980686664581 
1335094945.39054 212 3.48119854927063 1.43788635730743 
1335094945.51019 212 2.92550420761108 2.08964586257935 
1335094945.64986 212 3.06496834754944 2.27034687995911 
1335094945.81028 212 2.76225543022156 2.27034687995911 
1335094945.93149 212 2.74113059043884 2.34138226509094 
1335094946.05017 212 2.7355363368988 2.31760716438293 
1335094946.14983 212 2.80009460449219 2.27034687995911 
1335094946.31275 212 2.57305979728699 2.383864402771 
1335094946.45115 212 2.65954923629761 2.35560083389282 
1335094946.55248 212 2.52495670318604 2.5626425743103 
1335094946.71029 212 2.43158793449402 2.58356213569641 
1335094946.8532 212 2.55414032936096 2.49738168716431 
1335094946.99035 212 2.32710552215576 2.66765761375427 
1335094947.08982 212 2.49738168716431 2.55414032936096 
1335094947.19191 212 2.44062304496765 2.49738168716431 
1335094947.34991 212 2.53522086143494 2.61089897155762 
1335094947.51009 212 2.66765761375427 2.41224360466003 
1335094947.65026 212 2.55414032936096 2.44062304496765 
1335094947.81045 212 2.53522086143494 2.57305979728699 
1335094947.90987 212 2.64873814582825 2.53522086143494 
1335094948.0103 212 2.45954251289368 2.34602522850037 
1335094948.15122 212 2.51270294189453 2.62691688537598 
1335094948.25015 212 2.49738168716431 2.53522086143494 
1335094948.35012 212 2.45954251289368 2.72441625595093 
1335094948.45006 212 2.53522086143494 2.53522086143494 
1335094948.61025 212 2.49738168716431 2.53522086143494 
1335094948.74987 212 2.383864402771 2.61089897155762 
1335094948.85009 212 2.64873814582825 2.383864402771 
1335094948.95003 212 2.53522086143494 2.49738168716431 
1335094949.10994 212 2.58251976966858 2.55414032936096 
1335094949.25035 212 2.61089897155762 2.42170333862305 
1335094949.35057 212 2.5626425743103 2.48727083206177 
1335094949.51123 212 2.50757503509521 2.50757503509521 
1335094949.61019 212 2.42170333862305 2.42170333862305 
1335094949.75157 212 2.5455687046051 2.7355363368988 
1335094949.85005 212 2.42170333862305 2.49738168716431 
1335094949.95023 212 2.57305979728699 2.45954251289368 
1335094950.11291 212 2.53522086143494 2.53522086143494 
1335094950.21058 212 2.71338629722595 2.37421298027039 
1335094950.35 212 2.49738168716431 2.49738168716431 
1335094950.44994 212 2.45954251289368 2.53522086143494 
1335094950.55065 212 2.73997926712036 2.28957176208496 
1335094950.71107 212 2.50757503509521 2.6975429058075 
1335094950.85448 212 2.61089897155762 2.49738168716431 
1335094950.99038 212 2.55414032936096 2.44062304496765 
1335094951.08984 212 2.61089897155762 2.383864402771 
1335094951.19005 212 2.55414032936096 2.49738168716431 
1335094951.31076 212 2.64873814582825 2.61089897155762 
1335094951.41042 212 2.49738168716431 2.57305979728699 
1335094951.51012 212 2.4495849609375 2.48727083206177 
1335094951.65029 212 2.49738168716431 2.49738168716431 
1335094951.79248 212 2.35514307022095 2.52336764335632 
1335094951.91015 212 2.45559620857239 2.62691688537598 
1335094952.0503 212 2.57305979728699 2.64873814582825 
1335094952.18997 212 2.51270294189453 2.45559620857239 
1335094952.3499 212 2.57305979728699 2.42170333862305 
1335094952.4511 212 2.68657732009888 2.42170333862305 
1335094952.61128 212 2.49738168716431 2.49738168716431 
1335094952.71046 212 2.53522086143494 2.49738168716431 
1335094952.85236 212 2.50757503509521 2.6215558052063 
1335094952.95032 212 2.49738168716431 2.49738168716431 
1335094953.11 212 2.45954251289368 2.64873814582825 
1335094953.21042 212 2.57305979728699 2.57305979728699 
1335094953.35034 212 2.61089897155762 2.44062304496765 
1335094953.51001 212 2.65954923629761 2.46958136558533 
1335094953.61173 212 2.64873814582825 2.45954251289368 
1335094953.75013 212 2.46958136558533 2.58356213569641 
1335094953.85033 212 2.72441625595093 2.383864402771 
1335094953.95026 212 2.53522086143494 2.49738168716431 
1335094954.09019 212 2.57305979728699 2.57305979728699 
1335094954.25034 212 2.49738168716431 2.45954251289368 
1335094954.35029 212 2.64873814582825 2.61089897155762 
1335094954.51056 212 2.49738168716431 2.45954251289368 
1335094954.65013 212 2.55414032936096 2.49738168716431 
1335094954.81054 212 2.58356213569641 2.43158793449402 
1335094954.91051 212 2.5626425743103 2.37421298027039 
1335094955.05141 212 2.49738168716431 2.61089897155762 
1335094955.15034 212 2.49738168716431 2.44062304496765 
1335094955.29052 212 2.59507536888123 2.48224592208862 
1335094955.41247 212 2.57305979728699 2.57305979728699 
1335094955.55088 212 2.48224592208862 2.3694167137146 
1335094955.69082 212 2.45559620857239 2.62691688537598 
1335094955.85071 212 2.53522086143494 2.30818605422974 
1335094955.9504 212 2.55414032936096 2.55414032936096 
1335094956.11031 212 2.49738168716431 2.61089897155762 
1335094956.25023 212 2.74113059043884 2.56980991363525 
1335094956.35077 212 2.49738168716431 2.53522086143494 
1335094956.49011 212 2.61089897155762 2.32710552215576 
1335094956.61029 212 2.49738168716431 2.61089897155762 
1335094956.75119 212 2.6215558052063 2.5455687046051 
1335094956.85068 212 2.55600118637085 2.47970271110535 
1335094956.95036 212 2.49738168716431 2.55414032936096 
1335094957.11005 212 2.61089897155762 2.49738168716431 
1335094957.25019 212 2.22716856002808 2.68402361869812 
1335094957.4104 212 2.68657732009888 2.42170333862305 
1335094957.55026 212 2.55414032936096 2.61089897155762 
1335094957.65021 212 2.49738168716431 2.42170333862305 
1335094957.75067 212 2.65148997306824 2.70790481567383 
1335094957.91307 212 2.45954251289368 2.49738168716431 
1335094958.05 212 2.56980991363525 2.51270294189453 
1335094958.15043 212 2.72441625595093 2.32710552215576 
1335094958.29013 212 2.55414032936096 2.55414032936096 
1335094958.39107 212 2.44062304496765 2.49738168716431 
1335094958.51052 212 2.65954923629761 2.46958136558533 
1335094958.65041 212 2.49738168716431 2.383864402771 
1335094958.75061 212 2.63801455497742 2.5626425743103 
1335094958.91153 212 2.71338629722595 2.41189885139465 
1335094959.05042 212 2.44062304496765 2.49738168716431 
1335094959.15064 212 2.45954251289368 2.76225543022156 
1335094959.29281 212 2.69159197807312 2.41121792793274 
1335094959.4507 212 2.45954251289368 2.68657732009888 
1335094959.55091 212 2.5626425743103 2.4495849609375 
1335094959.69162 212 2.44062304496765 2.49738168716431 
1335094959.81028 212 2.45954251289368 2.64873814582825 
1335094959.91072 212 2.61089897155762 2.383864402771 
1335094960.05013 212 2.68402361869812 2.68402361869812 
1335094960.21012 212 2.61089897155762 2.45954251289368 
1335094960.35022 212 2.49738168716431 2.55414032936096 
1335094960.45066 212 2.49738168716431 2.49738168716431 
1335094960.61033 212 2.53522086143494 2.64873814582825 
1335094960.75148 212 2.5455687046051 2.5455687046051 
1335094960.85039 212 2.53522086143494 2.45954251289368 
1335094960.95089 212 2.53522086143494 2.57305979728699 
1335094961.11081 212 2.49738168716431 2.45954251289368 
1335094961.2502 212 2.6215558052063 2.43158793449402 
1335094961.39015 212 2.49738168716431 2.55414032936096 
1335094961.51034 212 2.50757503509521 2.39359426498413 
1335094961.61028 212 2.61089897155762 2.53522086143494 
1335094961.71025 212 2.42170333862305 2.57305979728699 
1335094961.85063 212 2.64313220977783 2.41329479217529 
1335094962.0106 212 2.55414032936096 2.55414032936096 
1335094962.15023 212 2.49738168716431 2.64873814582825 
1335094962.3114 212 2.57305979728699 2.53522086143494 
1335094962.4104 212 2.53522086143494 2.45954251289368 
1335094962.55202 212 2.49738168716431 2.55414032936096 
1335094962.71043 212 2.6215558052063 2.46958136558533 
1335094962.85958 212 2.57305979728699 2.49738168716431 
1335094963.01055 212 2.42704272270203 2.45559620857239 
1335094963.1105 212 2.72441625595093 2.49738168716431 
1335094963.25062 212 2.55414032936096 2.55414032936096 
1335094963.35031 212 2.44062304496765 2.49738168716431 
1335094963.51122 212 2.45954251289368 2.80009460449219 
1335094963.65064 212 2.55414032936096 2.32710552215576 
1335094963.79058 212 2.55414032936096 2.55414032936096 
1335094963.89061 212 2.49738168716431 2.55414032936096 
1335094964.01045 212 2.53522086143494 2.42170333862305 
1335094964.15036 212 2.51270294189453 2.51270294189453 
1335094964.25029 212 2.53522086143494 2.53522086143494 
1335094964.35075 212 2.70859837532043 2.47970271110535 
1335094964.51018 212 2.5455687046051 2.58356213569641 
1335094964.61062 212 2.61089897155762 2.49738168716431 
1335094964.71033 212 2.72441625595093 2.383864402771 
1335094964.85072 212 2.53522086143494 2.64873814582825 
1335094964.95068 212 2.57305979728699 2.383864402771 
1335094965.09034 212 2.55414032936096 2.49738168716431 
1335094965.25102 212 2.42170333862305 2.49738168716431 
1335094965.37016 212 2.72441625595093 2.55414032936096 
1335094965.49063 212 2.62691688537598 2.39848923683167 
1335094965.65057 212 2.57305979728699 2.49738168716431 
1335094965.79073 212 2.44062304496765 2.61089897155762 
1335094965.89063 212 2.66765761375427 2.44062304496765 
1335094966.01034 212 2.46958136558533 2.46958136558533 
1335094966.15077 212 2.66765761375427 2.44062304496765 
1335094966.31146 212 2.53522086143494 2.49738168716431 
1335094966.41289 212 2.45954251289368 2.61089897155762 
1335094966.51059 212 2.68657732009888 2.45954251289368 
1335094966.65024 212 2.61089897155762 2.49738168716431 
1335094966.75093 212 2.5626425743103 2.33652710914612 
1335094966.89086 212 2.72441625595093 2.64873814582825 
1335094967.0505 212 2.383864402771 2.57305979728699 
1335094967.1507 212 2.57305979728699 2.49738168716431 
1335094967.31037 212 2.45954251289368 2.57305979728699 
1335094967.41059 212 2.48727083206177 2.48727083206177 
1335094967.55074 212 2.383864402771 2.49738168716431 
1335094967.71114 212 2.46958136558533 2.46958136558533 
1335094967.85184 212 2.61089897155762 2.53522086143494 
1335094968.01049 212 2.55414032936096 2.55414032936096 
1335094968.15438 212 2.61089897155762 2.49738168716431 
1335094968.29032 212 2.44062304496765 2.44062304496765 
1335094968.41051 212 2.72441625595093 2.49738168716431 
1335094968.55046 212 2.383864402771 2.61089897155762 
1335094968.67161 212 2.51270294189453 2.51270294189453 
1335094968.83077 212 2.64873814582825 2.42170333862305 
1335094968.95046 212 2.45954251289368 2.53522086143494 
1335094969.11085 212 2.72441625595093 2.41224360466003 
1335094969.23077 212 2.49738168716431 2.61089897155762 
1335094969.35049 212 2.55414032936096 2.55414032936096 
1335094969.45067 212 2.70790481567383 2.42583131790161 
1335094969.59059 212 2.55414032936096 2.49738168716431 
1335094969.69056 212 2.55414032936096 2.44062304496765 
1335094969.81073 212 2.53522086143494 2.42170333862305 
1335094969.91043 212 2.68657732009888 2.34602522850037 
1335094970.0104 212 2.48727083206177 2.60032844543457 
1335094970.15055 212 2.42170333862305 2.49738168716431 
1335094970.31271 212 2.68657732009888 2.53522086143494 
1335094970.43064 212 2.55414032936096 2.55414032936096 
1335094970.53256 212 2.57944226264954 2.57944226264954 
1335094970.65052 212 2.55414032936096 2.49738168716431 
1335094970.7507 212 2.383864402771 2.61089897155762 
1335094970.89062 212 2.61089897155762 2.383864402771 
1335094970.99158 212 2.44062304496765 2.49738168716431 
1335094971.11077 212 2.48727083206177 2.52495670318604 
1335094971.23167 212 2.56980991363525 2.62691688537598 
1335094971.35213 212 2.55414032936096 2.44062304496765 
1335094971.45081 212 2.61089897155762 2.32710552215576 
1335094971.55125 212 2.53522086143494 2.68657732009888 
1335094971.6907 212 2.56980991363525 2.51270294189453 
1335094971.81079 212 2.57305979728699 2.42170333862305 
1335094971.91057 212 2.46958136558533 2.65954923629761 
1335094972.01077 212 2.57305979728699 2.42170333862305 
1335094972.15156 212 2.383864402771 2.53522086143494 
1335094972.29086 212 2.55414032936096 2.61089897155762 
1335094972.41254 212 2.61089897155762 2.41224360466003 
1335094972.55046 212 2.49738168716431 2.72441625595093 
1335094972.65039 212 2.57305979728699 2.383864402771 
1335094972.79583 212 2.44062304496765 2.44062304496765 
1335094972.91228 212 2.67570042610168 2.52495670318604 
1335094973.05043 212 2.44062304496765 2.55414032936096 
1335094973.15037 212 2.49738168716431 2.55414032936096 
1335094973.25058 212 2.68657732009888 2.383864402771 
1335094973.39077 212 2.383864402771 2.61089897155762 
1335094973.51168 212 2.62691688537598 2.51270294189453 
1335094973.61138 212 2.383864402771 2.72441625595093 
1335094973.75154 212 2.6975429058075 2.43158793449402 
1335094973.85076 212 2.53522086143494 2.45954251289368 
1335094973.95046 212 2.42170333862305 2.64873814582825 
1335094974.1121 212 2.83793377876282 2.42170333862305 
1335094974.21056 212 2.23250794410706 2.83793377876282 
1335094974.3507 212 2.61089897155762 2.383864402771 
1335094974.45091 212 2.57305979728699 2.45954251289368 
1335094974.55086 212 2.29884123802185 2.75107216835022 
1335094974.71076 212 2.6215558052063 2.5455687046051 
1335094974.85118 212 2.53866076469421 2.42583131790161 
1335094974.99088 212 2.68402361869812 2.45559620857239 
1335094975.09055 212 2.61089897155762 2.44062304496765 
1335094975.21075 212 2.6975429058075 2.39359426498413 
1335094975.33068 212 2.383864402771 2.61089897155762 
1335094975.45085 212 2.45954251289368 2.57305979728699 
1335094975.5508 212 2.83793377876282 2.42170333862305 
1335094975.69193 212 2.39848923683167 2.62691688537598 
1335094975.8309 212 2.57944226264954 2.41121792793274 
1335094975.95057 212 2.57305979728699 2.64873814582825 
1335094976.091 212 2.62691688537598 2.2842755317688 
1335094976.19047 212 2.49738168716431 2.55414032936096 
1335094976.33061 212 2.78117489814758 2.383864402771 
1335094976.43053 212 2.57305979728699 2.383864402771 
1335094976.55049 212 2.51270294189453 2.56980991363525 
1335094976.65471 212 2.49738168716431 2.55414032936096 
1335094976.79137 212 2.46729278564453 2.52336764335632 
1335094976.95078 212 2.45954251289368 2.42170333862305 
1335094977.11094 212 2.76225543022156 2.383864402771 
1335094977.25085 212 2.34138226509094 2.68402361869812 
1335094977.39104 212 2.51270294189453 2.51270294189453 
1335094977.51073 212 2.63229990005493 2.47970271110535 
1335094977.63115 212 2.48224592208862 2.3694167137146 
1335094977.75083 212 2.5455687046051 2.6215558052063 
1335094977.85328 212 2.30818605422974 2.80009460449219 
1335094978.011 212 2.57305979728699 2.42170333862305 
1335094978.15085 212 2.55414032936096 2.55414032936096 
1335094978.31135 212 2.49738168716431 2.64873814582825 
1335094978.41099 212 2.42170333862305 2.57305979728699 
1335094978.51117 212 2.63801455497742 2.48727083206177 
1335094978.65109 212 2.49738168716431 2.61089897155762 
1335094978.81053 212 2.46958136558533 2.5455687046051 
1335094978.91169 212 2.52495670318604 2.67570042610168 
1335094979.05086 212 2.55414032936096 2.49738168716431 
1335094979.15079 212 2.53522086143494 2.49738168716431 
1335094979.29048 212 2.55414032936096 2.66765761375427 
1335094979.4111 212 2.49738168716431 2.64873814582825 
1335094979.51138 212 2.52495670318604 2.4495849609375 
1335094979.65054 212 2.49738168716431 2.55414032936096 
1335094979.77072 212 2.56980991363525 2.45559620857239 
1335094979.91112 212 2.42170333862305 2.49738168716431 
1335094980.03281 212 2.50757503509521 2.58356213569641 
1335094980.15124 212 2.61089897155762 2.45954251289368 
1335094980.29092 212 2.49738168716431 2.72441625595093 
1335094980.39061 212 2.44062304496765 2.383864402771 
1335094980.51106 212 2.61089897155762 2.49738168716431 
1335094980.65247 212 2.32710552215576 2.72441625595093 
1335094980.79115 212 2.383864402771 2.55414032936096 
1335094980.95107 212 2.41189885139465 2.78875803947449 
1335094981.11074 212 2.42170333862305 2.57305979728699 
1335094981.25113 212 2.68402361869812 2.45559620857239 
1335094981.39084 212 2.39848923683167 2.56980991363525 
1335094981.49126 212 2.49738168716431 2.61089897155762 
1335094981.61114 212 2.42170333862305 2.61089897155762 
1335094981.75086 212 2.34138226509094 2.34138226509094 
1335094981.85129 212 1.99192583560944 2.33668208122253 
1335094981.95101 212 1.81627750396729 2.08115148544312 
1335094982.11121 212 1.55140376091003 1.77843844890594 
1335094982.23087 212 1.13517343997955 1.64600157737732 
1335094982.35251 212 1.0784147977829 1.70276021957397 
1335094982.45199 212 1.08411347866058 1.68224501609802 
