1335102950.03385 212 0 0.00185574614442885 
1335102950.15173 212 5.44883251190186 0.482448726892471 
1335102950.25217 212 4.35393953323364 0.0375339612364769 
1335102950.39184 212 4.5779128074646 0.228895634412766 
1335102950.49227 212 4.31640577316284 0.71314525604248 
1335102950.63221 212 3.85958981513977 1.1919322013855 
1335102950.75259 212 3.7744517326355 1.1919322013855 
1335102950.89231 212 3.4622790813446 1.81627750396729 
1335102950.99227 212 3.07778477668762 1.91423201560974 
1335102951.13268 212 2.95145106315613 1.92979490756989 
1335102951.27184 212 3.17848563194275 2.21358823776245 
1335102951.3923 212 2.78117489814758 2.10007095336914 
1335102951.53225 212 2.71495652198792 2.21629118919373 
1335102951.69188 212 2.63229990005493 2.47970271110535 
1335102951.85204 212 2.58251976966858 2.44062304496765 
1335102951.95274 212 2.62737727165222 2.4397075176239 
1335102952.09215 212 2.58984327316284 2.4397075176239 
1335102952.23232 212 2.49738168716431 2.49738168716431 
1335102952.33177 212 2.61089897155762 2.49738168716431 
1335102952.45198 212 2.64313220977783 2.49948382377625 
1335102952.59189 212 2.55414032936096 2.49738168716431 
1335102952.7324 212 2.44062304496765 2.55414032936096 
1335102952.83177 212 2.44062304496765 2.61089897155762 
1335102952.97266 212 2.49738168716431 2.83793377876282 
1335102953.09234 212 2.44062304496765 2.55414032936096 
1335102953.19231 212 2.43792009353638 2.43792009353638 
1335102953.33249 212 2.383864402771 2.78117489814758 
1335102953.49188 212 2.2889564037323 2.74674773216248 
1335102953.6523 212 2.27034687995911 2.66765761375427 
1335102953.75324 212 2.4397075176239 2.77751326560974 
1335102953.89215 212 2.06006073951721 2.32710552215576 
1335102954.03208 212 1.75951886177063 2.04331231117249 
1335102954.13203 212 1.53248417377472 1.87303626537323 
1335102954.25198 212 1.36220812797546 1.81627750396729 
1335102954.39237 212 0.775701880455017 1.62897396087646 
1335102954.49232 212 -3.37805652618408 5.25475454330444 
1335102954.63225 212 -6.8110408782959 6.75428199768066 
1335102954.79192 212 -7.05638456344604 6.90624904632568 
1335102954.95184 212 -6.44722700119019 6.3709282875061 
1335102955.05209 212 -5.06708478927612 4.8794150352478 
1335102955.19219 212 -2.71495652198792 5.09746932983398 
1335102955.35261 212 0 5.64609241485596 
1335102955.49202 212 -0.114447817206383 5.03570413589478 
1335102955.59195 212 0 4.76865911483765 
1335102955.73189 212 1.0784147977829 4.02986574172974 
1335102955.85182 212 0.908138751983643 3.71769309043884 
1335102955.992 212 1.64600157737732 3.40552043914795 
1335102956.13316 212 1.87303626537323 3.40552043914795 
1335102956.29208 212 2.02683401107788 2.96518301963806 
1335102956.45199 212 2.18345713615417 2.9878888130188 
1335102956.55219 212 2.36463952064514 2.77751326560974 
1335102956.6921 212 2.25080704689026 2.86119532585144 
1335102956.79233 212 2.32710552215576 2.77751326560974 
1335102956.93197 212 2.49738168716431 2.55414032936096 
1335102957.05193 212 2.35548496246338 2.66765761375427 
1335102957.19232 212 2.28957176208496 2.62737727165222 
1335102957.3318 212 2.55414032936096 2.61089897155762 
1335102957.49192 212 2.32710552215576 2.63229990005493 
1335102957.65232 212 2.58251976966858 2.61089897155762 
1335102957.75228 212 2.40217351913452 2.4397075176239 
1335102957.89192 212 2.55600118637085 2.40340423583984 
1335102958.03212 212 2.49738168716431 2.61089897155762 
1335102958.15206 212 2.35548496246338 2.63927841186523 
1335102958.25224 212 2.51477551460266 2.51477551460266 
1335102958.3924 212 2.51785206794739 2.47970271110535 
1335102958.49234 212 2.4397075176239 2.58984327316284 
1335102958.63281 212 2.49738168716431 2.27034687995911 
1335102958.75223 212 2.55414032936096 2.55414032936096 
1335102958.89238 212 2.49738168716431 2.49738168716431 
1335102959.03181 212 2.55414032936096 2.44062304496765 
1335102959.13201 212 2.49738168716431 2.55414032936096 
1335102959.27191 212 2.55414032936096 2.55414032936096 
1335102959.39212 212 2.55414032936096 2.44062304496765 
1335102959.53228 212 2.44062304496765 2.55414032936096 
1335102959.63198 212 2.49738168716431 2.55414032936096 
1335102959.79239 212 2.4397075176239 2.47724151611328 
1335102959.9518 212 2.52821350097656 2.49948382377625 
1335102960.09296 212 2.55230951309204 2.51477551460266 
1335102960.23214 212 2.49738168716431 2.32710552215576 
1335102960.33235 212 2.55414032936096 2.66765761375427 
1335102960.45232 212 2.55694317817688 2.47075414657593 
1335102960.55223 212 2.55230951309204 2.51477551460266 
1335102960.69238 212 2.51785206794739 2.59415054321289 
1335102960.79182 212 2.36463952064514 2.62737727165222 
1335102960.93401 212 2.49738168716431 2.49738168716431 
1335102961.05245 212 2.63927841186523 2.55414032936096 
1335102961.19212 212 2.38251280784607 2.6041419506073 
1335102961.33206 212 2.49738168716431 2.44062304496765 
1335102961.49245 212 2.59415054321289 2.51785206794739 
1335102961.65236 212 2.61089897155762 2.41224360466003 
1335102961.75307 212 2.47724151611328 2.36463952064514 
1335102961.89296 212 2.59415054321289 2.59415054321289 
1335102962.03215 212 2.55414032936096 2.44062304496765 
1335102962.15183 212 2.52576088905334 2.61089897155762 
1335102962.25302 212 2.58984327316284 2.47724151611328 
1335102962.39244 212 2.47970271110535 2.74674773216248 
1335102962.5324 212 2.67617154121399 2.85070443153381 
1335102962.63234 212 2.61089897155762 2.49738168716431 
1335102962.75253 212 2.4397075176239 2.51477551460266 
1335102962.8922 212 2.55414032936096 2.44062304496765 
1335102963.03332 212 2.43792009353638 2.49332737922668 
1335102963.19351 212 2.63229990005493 2.59415054321289 
1335102963.35267 212 2.46900224685669 2.49738168716431 
1335102963.49384 212 2.55414032936096 2.78117489814758 
1335102963.59203 212 2.36463952064514 2.4397075176239 
1335102963.69246 212 2.6649112701416 2.55230951309204 
1335102963.83242 212 2.44062304496765 2.383864402771 
1335102963.95235 212 2.72932147979736 2.44202446937561 
1335102964.09227 212 2.47724151611328 2.55230951309204 
1335102964.23268 212 2.61089897155762 2.66765761375427 
1335102964.33213 212 2.49738168716431 2.49738168716431 
1335102964.47203 212 2.44062304496765 2.44062304496765 
1335102964.59249 212 2.49738168716431 2.383864402771 
1335102964.73264 212 2.49738168716431 2.49738168716431 
1335102964.83188 212 2.49738168716431 2.32710552215576 
1335102964.99351 212 2.40340423583984 2.74674773216248 
1335102965.15941 212 2.67186212539673 2.44202446937561 
1335102965.29358 212 2.55230951309204 2.58984327316284 
1335102965.43201 212 2.55414032936096 2.55414032936096 
1335102965.57242 212 2.49738168716431 2.61089897155762 
1335102965.69213 212 2.55414032936096 2.49738168716431 
1335102965.79258 212 2.49738168716431 2.55414032936096 
1335102965.95227 212 2.51477551460266 2.58984327316284 
1335102966.09339 212 2.49738168716431 2.44062304496765 
1335102966.25209 212 2.55230951309204 2.55230951309204 
1335102966.39252 212 2.61089897155762 2.32710552215576 
1335102966.53267 212 2.55414032936096 2.61089897155762 
1335102966.63209 212 2.44062304496765 2.66765761375427 
1335102966.79227 212 2.70244526863098 2.4397075176239 
1335102966.95441 212 2.55414032936096 2.52576088905334 
1335102967.09234 212 2.44062304496765 2.55414032936096 
1335102967.23228 212 2.61089897155762 2.49738168716431 
1335102967.33197 212 2.55414032936096 2.49738168716431 
1335102967.45513 212 2.55600118637085 2.47970271110535 
1335102967.55482 212 2.70244526863098 2.47724151611328 
1335102967.69276 212 2.47724151611328 2.4397075176239 
1335102967.83244 212 2.49738168716431 2.49738168716431 
1335102967.99485 212 2.51785206794739 2.40340423583984 
1335102968.15227 212 2.55414032936096 2.69603705406189 
1335102968.29217 212 2.70244526863098 2.36463952064514 
1335102968.43336 212 2.49738168716431 2.61089897155762 
1335102968.57201 212 2.55414032936096 2.61089897155762 
1335102968.69197 212 2.55414032936096 2.49738168716431 
1335102968.79215 212 2.49738168716431 2.49738168716431 
1335102968.93359 212 2.55414032936096 2.44062304496765 
1335102969.09274 212 2.51477551460266 2.47724151611328 
1335102969.2524 212 2.61089897155762 2.44062304496765 
1335102969.39231 212 2.55600118637085 2.51785206794739 
1335102969.53249 212 2.32710552215576 2.32710552215576 
1335102969.63244 212 2.49738168716431 2.78117489814758 
1335102969.75417 212 2.46900224685669 2.69603705406189 
1335102969.89231 212 2.383864402771 2.55414032936096 
1335102970.03296 212 2.49738168716431 2.55414032936096 
1335102970.13241 212 2.55414032936096 2.44062304496765 
1335102970.27285 212 2.43792009353638 2.65954923629761 
1335102970.39252 212 2.49738168716431 2.49738168716431 
1335102970.53269 212 2.4434609413147 2.4434609413147 
1335102970.63414 212 2.66765761375427 2.66765761375427 
1335102970.7923 212 2.4397075176239 2.40217351913452 
1335102970.95273 212 2.70244526863098 2.55230951309204 
1335102971.09212 212 2.51477551460266 2.32710552215576 
1335102971.23206 212 2.44062304496765 2.66765761375427 
1335102971.332 212 2.72441625595093 2.72441625595093 
1335102971.45442 212 2.52821350097656 2.52821350097656 
1335102971.55213 212 2.47724151611328 2.47724151611328 
1335102971.69303 212 2.62737727165222 2.55230951309204 
1335102971.83247 212 2.55414032936096 2.44062304496765 
1335102971.97288 212 2.49738168716431 2.55414032936096 
1335102972.09257 212 2.66765761375427 2.44062304496765 
1335102972.23274 212 2.49738168716431 2.49738168716431 
1335102972.33271 212 2.55414032936096 2.49738168716431 
1335102972.49338 212 2.51785206794739 2.47970271110535 
1335102972.65251 212 2.41121792793274 2.32710552215576 
1335102972.79219 212 2.58984327316284 2.6649112701416 
1335102972.93236 212 2.66765761375427 2.27034687995911 
1335102973.07254 212 2.49738168716431 2.66765761375427 
1335102973.19223 212 2.49738168716431 2.49738168716431 
1335102973.29266 212 2.44062304496765 2.61089897155762 
1335102973.43306 212 2.49738168716431 2.55414032936096 
1335102973.5925 212 2.70244526863098 2.4397075176239 
1335102973.75241 212 2.46900224685669 2.58251976966858 
1335102973.89209 212 2.55414032936096 2.44062304496765 
1335102974.03301 212 2.49738168716431 2.66765761375427 
1335102974.13224 212 2.49738168716431 2.55414032936096 
1335102974.27311 212 2.38251280784607 2.54873466491699 
1335102974.39281 212 2.49332737922668 2.65954923629761 
1335102974.53322 212 2.55414032936096 2.44062304496765 
1335102974.63241 212 2.49738168716431 2.49738168716431 
1335102974.77258 212 2.61089897155762 2.55414032936096 
1335102974.89232 212 2.49738168716431 2.44062304496765 
1335102975.03249 212 2.61089897155762 2.55414032936096 
1335102975.13314 212 2.49738168716431 2.383864402771 
1335102975.29231 212 2.51477551460266 2.40217351913452 
1335102975.43251 212 2.59415054321289 2.55600118637085 
1335102975.59264 212 2.47724151611328 2.51477551460266 
1335102975.69408 212 2.40217351913452 2.6649112701416 
1335102975.85226 212 2.70859837532043 2.59415054321289 
1335102975.99443 212 2.47724151611328 2.62737727165222 
1335102976.13266 212 2.61089897155762 2.49738168716431 
1335102976.2945 212 2.47724151611328 2.55230951309204 
1335102976.45218 212 2.38456511497498 2.67186212539673 
1335102976.59257 212 2.51477551460266 2.51477551460266 
1335102976.69301 212 2.47724151611328 2.51477551460266 
1335102976.83248 212 2.55414032936096 2.32710552215576 
1335102976.95339 212 2.61089897155762 2.49738168716431 
1335102977.09306 212 2.55414032936096 2.55414032936096 
1335102977.2325 212 2.49738168716431 2.44062304496765 
1335102977.33243 212 2.383864402771 2.383864402771 
1335102977.47233 212 2.61089897155762 2.72441625595093 
1335102977.59229 212 2.61089897155762 2.27034687995911 
1335102977.73271 212 2.44062304496765 2.66765761375427 
1335102977.83365 212 2.49738168716431 2.44062304496765 
1335102977.97256 212 2.44062304496765 2.49738168716431 
1335102978.0925 212 2.44062304496765 2.44062304496765 
1335102978.23245 212 2.49738168716431 2.49738168716431 
1335102978.33286 212 2.61089897155762 2.49738168716431 
1335102978.49455 212 2.55230951309204 2.51477551460266 
1335102978.65249 212 2.66765761375427 2.27034687995911 
1335102978.79261 212 2.36463952064514 2.62737727165222 
1335102978.93303 212 2.61089897155762 2.32710552215576 
1335102979.09271 212 2.47724151611328 2.62737727165222 
1335102979.25294 212 2.58251976966858 2.55414032936096 
1335102979.39278 212 2.383864402771 2.61089897155762 
1335102979.53294 212 2.55414032936096 2.49738168716431 
1335102979.63264 212 2.72441625595093 2.44062304496765 
1335102979.77231 212 2.44062304496765 2.55414032936096 
1335102979.89301 212 2.49738168716431 2.49738168716431 
1335102980.03269 212 2.72441625595093 2.49738168716431 
1335102980.13277 212 2.61089897155762 2.49738168716431 
1335102980.29229 212 2.6649112701416 2.40217351913452 
1335102980.45221 212 2.44155335426331 2.3652548789978 
1335102980.59286 212 2.77751326560974 2.47724151611328 
1335102980.73532 212 2.383864402771 2.55414032936096 
1335102980.83225 212 2.55414032936096 2.61089897155762 
1335102980.95243 212 2.786780834198 2.35583543777466 
1335102981.05237 212 2.40340423583984 2.67044901847839 
1335102981.19252 212 2.59415054321289 2.70859837532043 
1335102981.29321 212 2.58984327316284 2.36463952064514 
1335102981.43241 212 2.383864402771 2.55414032936096 
1335102981.55446 212 2.55414032936096 2.63927841186523 
1335102981.69326 212 2.47970271110535 2.59415054321289 
1335102981.79269 212 2.2889564037323 2.74674773216248 
1335102981.93265 212 2.61089897155762 2.21358823776245 
1335102982.07254 212 2.383864402771 2.78117489814758 
1335102982.19298 212 2.49738168716431 2.83793377876282 
1335102982.29242 212 2.62737727165222 2.28957176208496 
1335102982.4326 212 2.1568295955658 2.04331231117249 
1335102982.59326 212 2.10190176963806 1.61396038532257 
1335102982.75268 212 1.56086349487305 1.56086349487305 
1335102982.89264 212 1.21896004676819 1.21896004676819 
1335102983.056 212 -5.13666009902954 4.966383934021 
1335102983.19268 212 -2.78117489814758 5.73262596130371 
1335102983.29261 212 -0.525475442409515 6.38077354431152 
1335102983.43404 212 -0.170276015996933 5.73262596130371 
1335102983.57245 212 0 4.82448720932007 
1335102983.6929 212 0.443258225917816 4.37717485427856 
1335102983.83283 212 1.0784147977829 3.85958981513977 
1335102983.99347 212 1.60226941108704 3.3952853679657 
1335102984.09293 212 1.9893000125885 2.96518301963806 
1335102984.25411 212 1.90141558647156 3.0365891456604 
1335102984.39301 212 2.17450857162476 3.05194187164307 
1335102984.53268 212 2.32710552215576 2.66765761375427 
1335102984.63238 212 2.32710552215576 2.78117489814758 
1335102984.77329 212 2.55414032936096 2.383864402771 
1335102984.89299 212 2.44062304496765 2.72441625595093 
1335102985.03289 212 2.61089897155762 2.61089897155762 
1335102985.13286 212 2.44062304496765 2.55414032936096 
1335102985.27252 212 2.44062304496765 2.61089897155762 
1335102985.39246 212 2.44062304496765 2.55414032936096 
1335102985.53239 212 2.44062304496765 2.49738168716431 
1335102985.63257 212 2.49738168716431 2.49738168716431 
1335102985.79275 212 2.55230951309204 2.32710552215576 
1335102985.95289 212 2.52576088905334 2.78117489814758 
1335102986.09308 212 2.49738168716431 2.49738168716431 
1335102986.23347 212 2.383864402771 2.72441625595093 
1335102986.33293 212 2.49738168716431 2.61089897155762 
1335102986.4726 212 2.61089897155762 2.49738168716431 
1335102986.59304 212 2.44062304496765 2.72441625595093 
1335102986.73273 212 2.21358823776245 2.78117489814758 
1335102986.83315 212 2.61089897155762 2.55414032936096 
1335102986.99384 212 2.44155335426331 2.63229990005493 
1335102987.15399 212 2.55414032936096 2.35548496246338 
1335102987.26693 212 2.77751326560974 2.36463952064514 
1335102987.3936 212 2.51785206794739 2.59415054321289 
1335102987.53288 212 2.44062304496765 2.49738168716431 
1335102987.63321 212 2.55414032936096 2.61089897155762 
1335102987.75291 212 2.55230951309204 2.40217351913452 
1335102987.89258 212 2.61089897155762 2.55414032936096 
1335102988.03449 212 2.61089897155762 2.44062304496765 
1335102988.13295 212 2.44062304496765 2.55414032936096 
1335102988.27263 212 2.55414032936096 2.61089897155762 
1335102988.3928 212 2.49738168716431 2.49738168716431 
1335102988.53325 212 2.55414032936096 2.49738168716431 
1335102988.6327 212 2.55414032936096 2.61089897155762 
1335102988.79309 212 2.40217351913452 2.40217351913452 
1335102988.93274 212 2.55600118637085 2.67044901847839 
1335102989.05244 212 2.52576088905334 2.66765761375427 
1335102989.19287 212 2.44155335426331 2.67044901847839 
1335102989.29303 212 2.47724151611328 2.58984327316284 
1335102989.43248 212 2.61089897155762 2.383864402771 
1335102989.55416 212 2.58251976966858 2.44062304496765 
1335102989.69308 212 2.49738168716431 2.49738168716431 
1335102989.79301 212 2.6649112701416 2.4397075176239 
1335102989.93318 212 2.383864402771 2.61089897155762 
1335102990.03339 212 2.54873466491699 2.54873466491699 
1335102990.15633 212 2.59415054321289 2.51785206794739 
1335102990.25253 212 2.58984327316284 2.51477551460266 
1335102990.39268 212 2.63229990005493 2.32710552215576 
1335102990.53262 212 2.49738168716431 2.66765761375427 
1335102990.63256 212 2.49738168716431 2.55414032936096 
1335102990.75303 212 2.52576088905334 2.46900224685669 
1335102990.89316 212 2.66765761375427 2.55414032936096 
1335102990.99285 212 2.55230951309204 2.58984327316284 
1335102991.13331 212 2.55414032936096 2.49738168716431 
1335102991.27269 212 2.383864402771 2.55414032936096 
1335102991.39289 212 2.383864402771 2.49738168716431 
1335102991.53304 212 2.49332737922668 2.54873466491699 
1335102991.69273 212 2.59415054321289 2.47970271110535 
1335102991.80689 212 2.6649112701416 2.28957176208496 
1335102991.95335 212 2.58251976966858 2.383864402771 
1335102992.09299 212 2.51477551460266 2.62737727165222 
1335102992.23317 212 2.49738168716431 2.383864402771 
1335102992.33314 212 2.49738168716431 2.72441625595093 
1335102992.47428 212 2.27034687995911 2.49738168716431 
1335102992.59297 212 2.49738168716431 2.49738168716431 
1335102992.73438 212 2.61089897155762 2.49738168716431 
1335102992.83283 212 2.61089897155762 2.49738168716431 
1335102992.993 212 2.51785206794739 2.47970271110535 
1335102993.15615 212 2.55414032936096 2.58251976966858 
1335102993.29358 212 2.58984327316284 2.51477551460266 
1335102993.43326 212 2.383864402771 2.44062304496765 
1335102993.57316 212 2.49738168716431 2.55414032936096 
1335102993.69286 212 2.49738168716431 2.89469242095947 
1335102993.79381 212 2.49738168716431 2.44062304496765 
1335102993.93347 212 2.44062304496765 2.49738168716431 
1335102994.09264 212 2.51477551460266 2.47724151611328 
1335102994.25281 212 2.49738168716431 2.49738168716431 
1335102994.39298 212 2.55414032936096 2.55414032936096 
1335102994.49391 212 2.47724151611328 2.47724151611328 
1335102994.6326 212 2.55414032936096 2.55414032936096 
1335102994.77326 212 2.77036380767822 2.43792009353638 
1335102994.89295 212 2.49738168716431 2.55414032936096 
1335102995.03441 212 2.43792009353638 2.49332737922668 
1335102995.19276 212 2.74674773216248 2.59415054321289 
1335102995.29298 212 2.40217351913452 2.51477551460266 
1335102995.45339 212 2.52821350097656 2.52821350097656 
1335102995.59256 212 2.47724151611328 2.51477551460266 
1335102995.73374 212 2.49738168716431 2.49738168716431 
1335102995.83293 212 2.55414032936096 2.44062304496765 
1335102995.97284 212 2.61089897155762 2.383864402771 
1335102996.09254 212 2.49738168716431 2.49738168716431 
1335102996.24422 212 2.49738168716431 2.49738168716431 
1335102996.3327 212 2.61089897155762 2.49738168716431 
1335102996.47281 212 2.55414032936096 2.49738168716431 
1335102996.59275 212 2.49738168716431 2.27034687995911 
1335102996.73394 212 2.55414032936096 2.78117489814758 
1335102996.83311 212 2.49738168716431 2.44062304496765 
1335102996.99329 212 2.55600118637085 2.59415054321289 
1335102997.15275 212 2.5856728553772 2.55694317817688 
1335102997.25316 212 2.62737727165222 2.51477551460266 
1335102997.39605 212 2.51785206794739 2.55600118637085 
1335102997.533 212 2.55414032936096 2.49738168716431 
1335102997.63294 212 2.49738168716431 2.49738168716431 
1335102997.75312 212 2.35548496246338 2.66765761375427 
1335102997.89279 212 2.55414032936096 2.383864402771 
1335102998.03319 212 2.49738168716431 2.55414032936096 
1335102998.13291 212 2.61089897155762 2.32710552215576 
1335102998.27507 212 2.61089897155762 2.55414032936096 
1335102998.39301 212 2.44062304496765 2.49738168716431 
1335102998.53268 212 2.55981612205505 2.67617154121399 
1335102998.63264 212 2.44062304496765 2.49738168716431 
1335102998.79304 212 2.51477551460266 2.58984327316284 
1335102998.95345 212 2.61440253257751 2.55694317817688 
1335102999.09412 212 2.44155335426331 2.55600118637085 
1335102999.23655 212 2.55414032936096 2.44062304496765 
1335102999.33274 212 2.66765761375427 2.55414032936096 
1335102999.47515 212 2.44062304496765 2.55414032936096 
1335102999.59284 212 2.44062304496765 2.44062304496765 
1335102999.69328 212 2.70244526863098 2.36463952064514 
1335102999.83271 212 2.383864402771 2.66765761375427 
1335102999.97464 212 2.383864402771 2.49738168716431 
1335103000.09282 212 2.89469242095947 2.44062304496765 
1335103000.23528 212 2.49738168716431 2.55414032936096 
1335103000.33318 212 2.49738168716431 2.61089897155762 
1335103000.49319 212 2.51785206794739 2.78489685058594 
1335103000.65452 212 2.49738168716431 2.55414032936096 
1335103000.75347 212 2.28957176208496 2.6649112701416 
1335103000.89287 212 2.86119532585144 2.21265769004822 
1335103000.9928 212 2.51477551460266 2.51477551460266 
1335103001.13325 212 2.44062304496765 2.61089897155762 
1335103001.25318 212 2.86631298065186 2.10007095336914 
1335103001.39861 212 2.383864402771 2.72441625595093 
1335103001.53476 212 2.44062304496765 2.61089897155762 
1335103001.63297 212 2.44062304496765 2.66765761375427 
1335103001.77312 212 2.44062304496765 2.72441625595093 
1335103001.89282 212 2.383864402771 2.55414032936096 
1335103002.03548 212 2.383864402771 2.55414032936096 
1335103002.19462 212 2.59415054321289 2.63229990005493 
1335103002.29286 212 2.47724151611328 2.40217351913452 
1335103002.45326 212 2.47075414657593 2.72932147979736 
1335103002.59343 212 2.6649112701416 2.28957176208496 
1335103002.73312 212 2.55414032936096 2.49738168716431 
1335103002.83308 212 2.61089897155762 2.49738168716431 
1335103002.95325 212 2.70059180259705 2.55694317817688 
1335103003.05293 212 2.47724151611328 2.51477551460266 
1335103003.19309 212 2.55600118637085 2.55600118637085 
1335103003.29403 212 2.55230951309204 2.51477551460266 
1335103003.43272 212 2.44062304496765 2.55414032936096 
1335103003.55291 212 2.52576088905334 2.63927841186523 
1335103003.69333 212 2.38251280784607 2.49332737922668 
1335103003.83301 212 2.49738168716431 2.61089897155762 
1335103003.97291 212 2.49738168716431 2.44062304496765 
1335103004.09285 212 2.61089897155762 2.383864402771 
1335103004.23381 212 2.49738168716431 2.49738168716431 
1335103004.33422 212 2.49738168716431 2.44062304496765 
1335103004.49339 212 2.59415054321289 2.47970271110535 
1335103004.6533 212 2.55414032936096 2.55414032936096 
1335103004.75325 212 2.40217351913452 2.51477551460266 
1335103004.8929 212 2.55600118637085 2.78489685058594 
1335103004.99384 212 2.40217351913452 2.55230951309204 
1335103005.13278 212 2.49738168716431 2.61089897155762 
1335103005.25397 212 2.44062304496765 2.66765761375427 
1335103005.39539 212 2.66765761375427 2.44062304496765 
1335103005.53355 212 2.55414032936096 2.55414032936096 
1335103005.63325 212 2.72441625595093 2.27034687995911 
1335103005.77291 212 2.72441625595093 2.44062304496765 
1335103005.89318 212 2.55414032936096 2.383864402771 
1335103005.99355 212 2.55230951309204 2.47724151611328 
1335103006.13334 212 2.44062304496765 2.61089897155762 
1335103006.29289 212 2.58984327316284 2.4397075176239 
1335103006.45304 212 2.44155335426331 2.70859837532043 
1335103006.59425 212 2.58984327316284 2.40217351913452 
1335103006.73342 212 2.44062304496765 2.49738168716431 
1335103006.83361 212 2.55414032936096 2.49738168716431 
1335103006.97324 212 2.49738168716431 2.61089897155762 
1335103007.0932 212 2.55414032936096 2.55414032936096 
1335103007.2351 212 2.44062304496765 2.55414032936096 
1335103007.33306 212 2.55414032936096 2.61089897155762 
1335103007.47347 212 2.44062304496765 2.44062304496765 
1335103007.59367 212 2.61089897155762 2.78117489814758 
1335103007.69337 212 2.54873466491699 2.43792009353638 
1335103007.83504 212 2.49738168716431 2.44062304496765 
1335103007.99347 212 2.51785206794739 2.55600118637085 
1335103008.15486 212 2.46900224685669 2.52576088905334 
1335103008.29302 212 2.51477551460266 2.47724151611328 
1335103008.43296 212 2.44062304496765 2.61089897155762 
1335103008.59287 212 2.73997926712036 2.55230951309204 
1335103008.75379 212 2.55414032936096 2.55414032936096 
1335103008.89345 212 2.51785206794739 2.47970271110535 
1335103009.03337 212 2.55414032936096 2.32710552215576 
1335103009.13333 212 2.49738168716431 2.55414032936096 
1335103009.253 212 2.66765761375427 2.55414032936096 
1335103009.39792 212 2.61089897155762 2.49738168716431 
1335103009.53308 212 2.55414032936096 2.55414032936096 
1335103009.63303 212 2.49738168716431 2.55414032936096 
1335103009.77295 212 2.55414032936096 2.61089897155762 
1335103009.89315 212 2.61089897155762 2.49738168716431 
1335103010.03331 212 2.49332737922668 2.49332737922668 
1335103010.19348 212 2.55600118637085 2.44155335426331 
1335103010.29319 212 2.55230951309204 2.58984327316284 
1335103010.45309 212 2.44202446937561 2.64313220977783 
1335103010.59375 212 2.47724151611328 2.40217351913452 
1335103010.73293 212 2.61089897155762 2.78117489814758 
1335103010.83339 212 2.44062304496765 2.44062304496765 
1335103010.97303 212 2.44062304496765 2.83793377876282 
1335103011.09298 212 2.55414032936096 2.49738168716431 
1335103011.23339 212 2.21358823776245 2.10007095336914 
1335103011.33284 212 1.98655354976654 1.75951886177063 
1335103011.47351 212 1.75951886177063 1.58924281597137 
1335103011.59346 212 1.53248417377472 1.41896688938141 
1335103011.69346 212 1.0823746919632 1.24473094940186 
1335103011.83376 212 -3.91634845733643 5.73262596130371 
1335103011.99398 212 -4.23456907272339 4.15827083587646 
1335103012.15289 212 -0.681104063987732 6.69752359390259 
1335103012.29306 212 0 4.80434703826904 
1335103012.43324 212 0 4.20014190673828 
1335103012.5734 212 1.13517343997955 3.63255500793457 
1335103012.69434 212 1.70276021957397 3.34876179695129 
1335103012.79305 212 2.10007095336914 2.89469242095947 
1335103012.93369 212 2.04331231117249 2.78117489814758 
1335103013.09512 212 2.13943576812744 3.07778477668762 
1335103013.25329 212 2.52576088905334 2.55414032936096 
1335103013.39445 212 2.32710552215576 2.74674773216248 
1335103013.53313 212 2.49738168716431 2.55414032936096 
1335103013.63356 212 2.32710552215576 2.72441625595093 
1335103013.77473 212 2.61089897155762 2.55414032936096 
1335103013.89344 212 2.383864402771 2.61089897155762 
1335103014.03335 212 2.32710552215576 2.77036380767822 
1335103014.19327 212 2.55600118637085 2.47970271110535 
1335103014.29297 212 2.36463952064514 2.58984327316284 
1335103014.45537 212 2.5856728553772 2.41329479217529 
1335103014.59528 212 2.47724151611328 2.81504702568054 
1335103014.73373 212 2.49738168716431 2.49738168716431 
1335103014.8334 212 2.49738168716431 2.61089897155762 
1335103014.95389 212 2.47075414657593 2.5856728553772 
1335103015.09377 212 2.4397075176239 2.47724151611328 
1335103015.23318 212 2.32710552215576 2.55414032936096 
1335103015.33314 212 2.55414032936096 2.44062304496765 
1335103015.45481 212 2.49738168716431 2.52576088905334 
1335103015.59324 212 2.55414032936096 2.44062304496765 
1335103015.69343 212 2.51477551460266 2.55230951309204 
1335103015.83512 212 2.49738168716431 2.55414032936096 
1335103015.99353 212 2.58984327316284 2.4397075176239 
1335103016.15318 212 2.49738168716431 2.72441625595093 
1335103016.29534 212 2.47724151611328 2.51477551460266 
1335103016.43303 212 2.44062304496765 2.55414032936096 
1335103016.57343 212 2.55414032936096 2.55414032936096 
1335103016.69338 212 2.49738168716431 2.55414032936096 
1335103016.79483 212 2.51477551460266 2.51477551460266 
1335103016.93474 212 2.61089897155762 2.383864402771 
1335103017.09441 212 2.4397075176239 2.6649112701416 
1335103017.25308 212 2.52576088905334 2.44062304496765 
1335103017.40474 212 2.44062304496765 2.66765761375427 
1335103017.53666 212 2.61089897155762 2.44062304496765 
1335103017.63336 212 2.49738168716431 2.66765761375427 
1335103017.75332 212 2.52576088905334 2.46900224685669 
1335103017.89322 212 2.32710552215576 2.49738168716431 
1335103018.03513 212 2.54873466491699 2.65954923629761 
1335103018.19331 212 2.51785206794739 2.59415054321289 
1335103018.29439 212 2.47724151611328 2.62737727165222 
1335103018.45315 212 2.55694317817688 2.5856728553772 
1335103018.59382 212 2.40217351913452 2.62737727165222 
1335103018.73324 212 2.55414032936096 2.49738168716431 
1335103018.834 212 2.49738168716431 2.44062304496765 
1335103018.95315 212 2.55694317817688 2.72932147979736 
1335103019.0531 212 2.58984327316284 2.25203776359558 
1335103019.19374 212 2.51785206794739 2.74674773216248 
1335103019.29342 212 2.51477551460266 2.4397075176239 
1335103019.43361 212 2.66765761375427 2.66765761375427 
1335103019.55605 212 2.55414032936096 2.46900224685669 
1335103019.70047 212 2.49738168716431 2.49738168716431 
1335103019.7944 212 2.51477551460266 2.62737727165222 
1335103019.9331 212 2.44062304496765 2.55414032936096 
1335103020.07349 212 2.383864402771 2.61089897155762 
1335103020.19344 212 2.49738168716431 2.55414032936096 
1335103020.29438 212 2.47724151611328 2.47724151611328 
1335103020.43355 212 2.49738168716431 2.78117489814758 
1335103020.53375 212 2.54873466491699 2.16088390350342 
1335103020.67316 212 2.44062304496765 2.66765761375427 
1335103020.79311 212 2.44062304496765 2.72441625595093 
1335103020.93328 212 2.61089897155762 2.49738168716431 
1335103021.09469 212 2.55230951309204 2.47724151611328 
1335103021.25361 212 2.52576088905334 2.49738168716431 
1335103021.39328 212 2.55414032936096 2.61089897155762 
1335103021.53343 212 2.38251280784607 2.43792009353638 
1335103021.69361 212 2.70859837532043 2.47970271110535 
1335103021.85344 212 2.44062304496765 2.61089897155762 
1335103021.95448 212 2.58984327316284 2.40217351913452 
1335103022.09513 212 2.51477551460266 2.36463952064514 
1335103022.23356 212 2.49332737922668 2.54873466491699 
1335103022.39322 212 2.44155335426331 2.47970271110535 
1335103022.53315 212 2.32710552215576 2.55414032936096 
1335103022.65508 212 2.52576088905334 2.46900224685669 
1335103022.79324 212 2.51477551460266 2.51477551460266 
1335103022.93367 212 2.49738168716431 2.55414032936096 
1335103023.07358 212 2.44062304496765 2.61089897155762 
1335103023.19353 212 2.49738168716431 2.49738168716431 
1335103023.29348 212 2.55414032936096 2.383864402771 
1335103023.43339 212 2.49738168716431 2.61089897155762 
1335103023.59431 212 2.62737727165222 2.36463952064514 
1335103023.75397 212 2.41224360466003 2.63927841186523 
1335103023.89364 212 2.51785206794739 2.63229990005493 
1335103023.99408 212 2.47724151611328 2.62737727165222 
1335103024.13376 212 2.55414032936096 2.49738168716431 
1335103024.27367 212 2.49738168716431 2.44062304496765 
1335103024.39312 212 2.55414032936096 2.49738168716431 
1335103024.53355 212 2.43792009353638 2.43792009353638 
1335103024.69543 212 2.47970271110535 2.59415054321289 
1335103024.79509 212 2.62737727165222 2.47724151611328 
1335103024.9533 212 2.5856728553772 2.44202446937561 
1335103025.09372 212 2.4397075176239 2.51477551460266 
1335103025.23314 212 2.55414032936096 2.383864402771 
1335103025.33435 212 2.383864402771 2.78117489814758 
1335103025.45378 212 2.47075414657593 2.5856728553772 
1335103025.55325 212 2.40217351913452 2.58984327316284 
1335103025.69364 212 2.40340423583984 2.44155335426331 
1335103025.79333 212 2.47724151611328 2.4397075176239 
1335103025.93376 212 2.55414032936096 2.55414032936096 
1335103026.05343 212 2.44062304496765 2.66765761375427 
1335103026.19337 212 2.55414032936096 2.55414032936096 
1335103026.2933 212 2.51477551460266 2.62737727165222 
1335103026.43348 212 2.61089897155762 2.49738168716431 
1335103026.5754 212 2.55414032936096 2.55414032936096 
1335103026.69409 212 2.55414032936096 2.383864402771 
1335103026.79728 212 2.51477551460266 2.36463952064514 
1335103026.93371 212 2.55414032936096 2.78117489814758 
1335103027.07513 212 2.61089897155762 2.49738168716431 
1335103027.19331 212 2.49738168716431 2.72441625595093 
1335103027.29351 212 2.383864402771 2.61089897155762 
1335103027.43368 212 2.49738168716431 2.49738168716431 
1335103027.59335 212 2.40217351913452 2.58984327316284 
1335103027.73351 212 2.44062304496765 2.49738168716431 
1335103027.8537 212 2.61089897155762 2.61089897155762 
1335103027.99361 212 2.40217351913452 2.47724151611328 
1335103028.13355 212 2.49738168716431 2.383864402771 
1335103028.27371 212 2.55414032936096 2.383864402771 
1335103028.3934 212 2.49738168716431 2.66765761375427 
1335103028.53408 212 2.65954923629761 2.49332737922668 
1335103028.69346 212 2.70859837532043 2.47970271110535 
1335103028.79368 212 2.4397075176239 2.47724151611328 
1335103028.95384 212 2.61440253257751 2.49948382377625 
1335103029.09326 212 2.47724151611328 2.58984327316284 
1335103029.23381 212 2.383864402771 2.61089897155762 
1335103029.33338 212 2.61089897155762 2.55414032936096 
1335103029.47378 212 2.383864402771 2.61089897155762 
1335103029.59374 212 2.44062304496765 2.44062304496765 
1335103029.73416 212 2.43792009353638 2.43792009353638 
1335103029.89357 212 2.47970271110535 2.59415054321289 
1335103030.03499 212 2.66765761375427 2.66765761375427 
1335103030.15392 212 2.29906821250916 2.49533009529114 
1335103030.29383 212 2.4397075176239 2.47724151611328 
1335103030.43376 212 2.55414032936096 2.49738168716431 
1335103030.57368 212 2.66765761375427 2.61089897155762 
1335103030.69412 212 2.61089897155762 2.49738168716431 
1335103030.79383 212 2.55414032936096 2.44062304496765 
1335103030.93398 212 2.61089897155762 2.49738168716431 
1335103031.09342 212 2.55230951309204 2.4397075176239 
1335103031.25357 212 2.55414032936096 2.52576088905334 
1335103031.39373 212 2.55600118637085 2.44155335426331 
1335103031.53367 212 2.49738168716431 2.72441625595093 
1335103031.63384 212 2.44062304496765 2.61089897155762 
1335103031.77376 212 2.55414032936096 2.49738168716431 
1335103031.89371 212 2.44062304496765 2.55414032936096 
1335103031.99441 212 2.49738168716431 2.55414032936096 
1335103032.13358 212 2.49738168716431 2.61089897155762 
1335103032.2735 212 2.44062304496765 2.66765761375427 
1335103032.37343 212 2.44062304496765 2.49738168716431 
1335103032.49363 212 2.61089897155762 2.49738168716431 
1335103032.59481 212 2.44155335426331 2.55600118637085 
1335103032.73507 212 2.49738168716431 2.49738168716431 
1335103032.83443 212 2.49738168716431 2.55414032936096 
1335103032.95388 212 2.55694317817688 2.35583543777466 
1335103033.05382 212 2.47724151611328 2.70244526863098 
1335103033.19473 212 2.44155335426331 2.55600118637085 
1335103033.29392 212 2.51477551460266 2.62737727165222 
1335103033.43336 212 2.49738168716431 2.61089897155762 
1335103033.5538 212 2.35548496246338 2.63927841186523 
1335103033.69347 212 2.66765761375427 2.44062304496765 
1335103033.7934 212 2.4397075176239 2.55230951309204 
1335103033.9341 212 2.55414032936096 2.49738168716431 
1335103034.07349 212 2.61089897155762 2.49738168716431 
1335103034.19369 212 2.4434609413147 2.50163865089417 
1335103034.29337 212 2.4397075176239 2.47724151611328 
1335103034.43384 212 2.49738168716431 2.27034687995911 
1335103034.59397 212 2.58984327316284 2.6649112701416 
1335103034.7554 212 2.46900224685669 2.46900224685669 
1335103034.89405 212 2.47970271110535 2.63229990005493 
1335103035.03373 212 2.383864402771 2.55414032936096 
1335103035.13394 212 2.44062304496765 2.49738168716431 
1335103035.27431 212 2.61089897155762 2.72441625595093 
1335103035.39428 212 2.55600118637085 2.44155335426331 
1335103035.53342 212 2.55414032936096 2.44062304496765 
1335103035.63564 212 2.61089897155762 2.61089897155762 
1335103035.7738 212 2.44062304496765 2.49738168716431 
1335103035.89524 212 2.49738168716431 2.55414032936096 
1335103035.9937 212 2.32710552215576 2.38251280784607 
1335103036.13585 212 2.83793377876282 2.72441625595093 
1335103036.29378 212 2.40217351913452 2.47724151611328 
1335103036.45343 212 2.67186212539673 2.49948382377625 
1335103036.59409 212 2.59415054321289 2.55600118637085 
1335103036.73502 212 2.55414032936096 2.383864402771 
1335103036.83397 212 2.49738168716431 2.49738168716431 
1335103036.97388 212 2.55414032936096 2.44062304496765 
1335103037.09509 212 2.61089897155762 2.49738168716431 
1335103037.23375 212 2.72441625595093 2.49738168716431 
1335103037.3337 212 2.44062304496765 2.49738168716431 
1335103037.47536 212 2.49738168716431 2.383864402771 
1335103037.5938 212 2.49738168716431 2.44062304496765 
1335103037.75402 212 2.6649112701416 2.62737727165222 
1335103037.89389 212 2.32710552215576 2.49738168716431 
1335103038.05405 212 2.73997926712036 2.47724151611328 
1335103038.19546 212 2.47970271110535 2.51785206794739 
1335103038.29343 212 2.62737727165222 2.40217351913452 
1335103038.43434 212 2.55414032936096 2.44062304496765 
1335103038.55379 212 2.41224360466003 2.58251976966858 
1335103038.69394 212 2.63229990005493 2.67044901847839 
1335103038.83416 212 2.61089897155762 2.49738168716431 
1335103038.97378 212 2.66765761375427 2.44062304496765 
1335103039.09372 212 2.66765761375427 2.21358823776245 
1335103039.23392 212 2.54873466491699 2.49332737922668 
1335103039.39407 212 2.74674773216248 2.47970271110535 
1335103039.53347 212 2.78117489814758 2.55414032936096 
1335103039.66341 212 2.52576088905334 2.46900224685669 
1335103039.79358 212 1.9893000125885 2.13943576812744 
1335103039.93376 212 2.10007095336914 1.58924281597137 
1335103040.09567 212 1.80163013935089 1.31368863582611 
1335103040.25469 212 1.78124129772186 0.976809740066528 
1335103040.39401 212 -3.89122581481934 5.41719675064087 
1335103040.53392 212 -4.32176780700684 4.15554571151733 
1335103040.67359 212 -1.36220812797546 6.12993669509888 
1335103040.79378 212 -0.227034687995911 5.73262596130371 
1335103040.93399 212 0.0567586719989777 4.65421104431152 
1335103041.09434 212 0.75067925453186 4.09120178222656 
1335103041.23379 212 1.41896688938141 3.51903772354126 
1335103041.35373 212 1.56086349487305 3.43389987945557 
1335103041.49389 212 2.21265769004822 3.12824034690857 
1335103041.59357 212 1.90746366977692 2.86119532585144 
1335103041.73401 212 2.27034687995911 3.23524451255798 
1335103041.85395 212 2.383864402771 2.66765761375427 
1335103041.95515 212 2.4397075176239 2.58984327316284 
1335103042.0938 212 2.32710552215576 2.77751326560974 
1335103042.23424 212 2.383864402771 2.72441625595093 
1335103042.33368 212 2.383864402771 2.61089897155762 
1335103042.45394 212 2.44202446937561 2.61440253257751 
1335103042.59376 212 2.58984327316284 2.55230951309204 
1335103042.69421 212 2.4397075176239 2.70244526863098 
1335103042.83518 212 2.44062304496765 2.49738168716431 
1335103042.97456 212 2.44062304496765 2.66765761375427 
1335103043.09401 212 2.44062304496765 2.61089897155762 
1335103043.23417 212 2.54873466491699 2.71495652198792 
1335103043.39409 212 2.51785206794739 2.63229990005493 
1335103043.55403 212 2.383864402771 2.63927841186523 
1335103043.69442 212 2.51477551460266 2.51477551460266 
1335103043.83382 212 2.66765761375427 2.44062304496765 
1335103043.99401 212 2.51477551460266 2.4397075176239 
1335103044.15393 212 2.49738168716431 2.66765761375427 
1335103044.25462 212 2.40217351913452 2.51477551460266 
1335103044.39378 212 2.40340423583984 2.63229990005493 
1335103044.5337 212 2.44062304496765 2.55414032936096 
1335103044.63665 212 2.44062304496765 2.32710552215576 
1335103044.7541 212 2.58251976966858 2.63927841186523 
1335103044.89402 212 2.49738168716431 2.44062304496765 
1335103045.03418 212 2.55414032936096 2.55414032936096 
1335103045.13413 212 2.49738168716431 2.72441625595093 
1335103045.27379 212 2.49738168716431 2.44062304496765 
1335103045.39524 212 2.44062304496765 2.55414032936096 
1335103045.53392 212 2.61089897155762 2.49738168716431 
1335103045.63484 212 2.44062304496765 2.55414032936096 
1335103045.79402 212 2.40217351913452 2.6649112701416 
1335103045.95443 212 2.49948382377625 2.49948382377625 
1335103046.09384 212 2.51477551460266 2.40217351913452 
1335103046.23402 212 2.49738168716431 2.72441625595093 
1335103046.33371 212 2.66765761375427 2.66765761375427 
1335103046.47387 212 2.44062304496765 2.66765761375427 
1335103046.59381 212 2.49738168716431 2.61089897155762 
1335103046.69526 212 2.62737727165222 2.47724151611328 
1335103046.83471 212 2.44062304496765 2.61089897155762 
1335103046.97435 212 2.49738168716431 2.49738168716431 
1335103047.0938 212 2.66765761375427 2.55414032936096 
1335103047.23422 212 2.43792009353638 2.43792009353638 
1335103047.39386 212 2.55600118637085 2.51785206794739 
1335103047.5338 212 2.44062304496765 2.61089897155762 
1335103047.65451 212 2.44062304496765 2.44062304496765 
1335103047.7939 212 2.55230951309204 2.6649112701416 
1335103047.93387 212 2.383864402771 2.49738168716431 
1335103048.09426 212 2.40217351913452 2.55230951309204 
1335103048.25391 212 2.75279569625854 2.46900224685669 
1335103048.39431 212 2.44155335426331 2.51785206794739 
1335103048.53374 212 2.49738168716431 2.49738168716431 
1335103048.63444 212 2.72441625595093 2.55414032936096 
1335103048.77434 212 2.44062304496765 2.55414032936096 
1335103048.8943 212 2.55981612205505 2.61799383163452 
1335103049.03396 212 2.49332737922668 2.43792009353638 
1335103049.19413 212 2.40340423583984 2.44155335426331 
1335103049.35406 212 2.52576088905334 2.58251976966858 
1335103049.49647 212 2.49738168716431 2.49738168716431 
1335103049.59488 212 2.47724151611328 2.47724151611328 
1335103049.73408 212 2.49738168716431 2.44062304496765 
1335103049.83377 212 2.49738168716431 2.55414032936096 
1335103049.95422 212 2.52821350097656 2.49948382377625 
1335103050.09388 212 2.44155335426331 2.67044901847839 
1335103050.23406 212 2.55414032936096 2.49738168716431 
1335103050.33379 212 2.49738168716431 2.61089897155762 
1335103050.47466 212 2.49738168716431 2.61089897155762 
1335103050.59409 212 2.49738168716431 2.49738168716431 
1335103050.69455 212 2.43792009353638 2.49332737922668 
1335103050.83447 212 2.49738168716431 2.61089897155762 
1335103050.97416 212 2.49738168716431 2.72441625595093 
1335103051.1538 212 2.55414032936096 2.52576088905334 
1335103051.29421 212 2.47970271110535 2.59415054321289 
1335103051.43689 212 2.55414032936096 2.49738168716431 
1335103051.57455 212 2.55414032936096 2.78117489814758 
1335103051.69424 212 2.43792009353638 2.43792009353638 
1335103051.83444 212 2.61089897155762 2.49738168716431 
1335103051.99437 212 2.51477551460266 2.40217351913452 
1335103052.13427 212 2.44062304496765 2.383864402771 
1335103052.25394 212 2.49738168716431 2.52576088905334 
1335103052.39385 212 2.70859837532043 2.51785206794739 
1335103052.53376 212 2.61089897155762 2.61089897155762 
1335103052.63597 212 2.44062304496765 2.61089897155762 
1335103052.77414 212 2.49738168716431 2.61089897155762 
1335103052.89409 212 2.4434609413147 2.61799383163452 
1335103053.03399 212 2.49332737922668 2.54873466491699 
1335103053.19391 212 2.78489685058594 2.55600118637085 
1335103053.29412 212 2.51477551460266 2.4397075176239 
1335103053.45377 212 2.49948382377625 2.52821350097656 
1335103053.59392 212 2.55230951309204 2.47724151611328 
1335103053.73411 212 2.55414032936096 2.49738168716431 
1335103053.83431 212 2.49738168716431 2.27034687995911 
1335103053.9742 212 2.383864402771 2.55414032936096 
1335103054.09392 212 2.61089897155762 2.61089897155762 
1335103054.23433 212 2.383864402771 2.66765761375427 
1335103054.33403 212 2.61089897155762 2.49738168716431 
1335103054.47469 212 2.44062304496765 2.55414032936096 
1335103054.59412 212 2.44062304496765 2.72441625595093 
1335103054.69484 212 2.65954923629761 2.43792009353638 
1335103054.83452 212 2.44062304496765 2.383864402771 
1335103054.99535 212 2.55600118637085 2.47970271110535 
1335103055.15433 212 2.44202446937561 2.52821350097656 
1335103055.29399 212 2.6649112701416 2.58984327316284 
1335103055.43397 212 2.61089897155762 2.44062304496765 
1335103055.59407 212 2.51477551460266 2.77751326560974 
1335103055.75399 212 2.52576088905334 2.55414032936096 
1335103055.89441 212 2.47970271110535 2.59415054321289 
1335103055.99459 212 2.51477551460266 2.51477551460266 
1335103056.13453 212 2.49738168716431 2.49738168716431 
1335103056.25423 212 2.55414032936096 2.52576088905334 
1335103056.3939 212 2.49738168716431 2.44062304496765 
1335103056.53438 212 2.55414032936096 2.44062304496765 
1335103056.63457 212 2.55414032936096 2.61089897155762 
1335103056.77442 212 2.49738168716431 2.44062304496765 
1335103056.89437 212 2.55981612205505 2.50163865089417 
1335103057.03457 212 2.61089897155762 2.66765761375427 
1335103057.13602 212 2.55414032936096 2.72441625595093 
1335103057.2979 212 2.62737727165222 2.55230951309204 
1335103057.45406 212 2.41329479217529 2.55694317817688 
1335103057.59397 212 2.51477551460266 2.47724151611328 
1335103057.7349 212 2.55414032936096 2.66765761375427 
1335103057.83435 212 2.44062304496765 2.55414032936096 
1335103057.974 212 2.61089897155762 2.49738168716431 
1335103058.09396 212 2.61089897155762 2.44062304496765 
1335103058.23412 212 2.55414032936096 2.383864402771 
1335103058.33433 212 2.49738168716431 2.72441625595093 
1335103058.4745 212 2.72441625595093 2.27034687995911 
1335103058.57441 212 2.54873466491699 2.38251280784607 
1335103058.69413 212 2.61089897155762 2.78117489814758 
1335103058.7963 212 2.47724151611328 2.4397075176239 
1335103058.93748 212 2.49738168716431 2.61089897155762 
1335103059.0744 212 2.44062304496765 2.66765761375427 
1335103059.19384 212 2.44062304496765 2.49738168716431 
1335103059.29403 212 2.49738168716431 2.55414032936096 
1335103059.43545 212 2.32710552215576 2.44062304496765 
1335103059.59412 212 2.47724151611328 2.47724151611328 
1335103059.75428 212 2.46900224685669 2.383864402771 
1335103059.89446 212 2.49738168716431 2.55414032936096 
1335103059.99439 212 2.47724151611328 2.6649112701416 
1335103060.13506 212 2.61089897155762 2.61089897155762 
1335103060.27498 212 2.54873466491699 2.71495652198792 
1335103060.39394 212 2.61089897155762 2.55414032936096 
1335103060.53434 212 2.49332737922668 2.38251280784607 
1335103060.69453 212 2.55600118637085 2.63229990005493 
1335103060.79422 212 2.55230951309204 2.40217351913452 
1335103060.95612 212 2.52821350097656 2.55694317817688 
1335103061.09403 212 2.55230951309204 2.4397075176239 
1335103061.23448 212 2.55414032936096 2.49738168716431 
1335103061.3344 212 2.49738168716431 2.55414032936096 
1335103061.45409 212 2.55694317817688 2.55694317817688 
1335103061.55404 212 2.36463952064514 2.40217351913452 
1335103061.69445 212 2.3652548789978 2.78489685058594 
1335103061.79413 212 2.62737727165222 2.6649112701416 
1335103061.93458 212 2.44062304496765 2.383864402771 
1335103062.05752 212 2.44062304496765 2.58251976966858 
1335103062.19418 212 2.72441625595093 2.49738168716431 
1335103062.29461 212 2.51477551460266 2.51477551460266 
1335103062.43407 212 2.49738168716431 2.55414032936096 
1335103062.57595 212 2.49738168716431 2.49738168716431 
1335103062.69541 212 2.55414032936096 2.66765761375427 
1335103062.7996 212 2.47724151611328 2.55230951309204 
1335103062.93453 212 2.61089897155762 2.49738168716431 
1335103063.0947 212 2.51477551460266 2.55230951309204 
1335103063.25436 212 2.49738168716431 2.49738168716431 
1335103063.39476 212 2.63229990005493 2.74674773216248 
1335103063.53445 212 2.61089897155762 2.49738168716431 
1335103063.63466 212 2.49738168716431 2.49738168716431 
1335103063.77404 212 2.61089897155762 2.49738168716431 
1335103063.89425 212 2.49738168716431 2.49738168716431 
1335103063.99443 212 2.47724151611328 2.55230951309204 
1335103064.13511 212 2.55414032936096 2.44062304496765 
1335103064.29404 212 2.55230951309204 2.51477551460266 
1335103064.45444 212 2.47075414657593 2.55694317817688 
1335103064.59585 212 2.47724151611328 2.32710552215576 
1335103064.73677 212 2.49738168716431 2.32710552215576 
1335103064.83448 212 2.66765761375427 2.61089897155762 
1335103064.9559 212 2.70059180259705 2.72932147979736 
1335103065.05435 212 2.47724151611328 2.55230951309204 
1335103065.19426 212 2.55600118637085 2.55600118637085 
1335103065.29469 212 2.4397075176239 2.62737727165222 
1335103065.39466 212 2.51477551460266 2.62737727165222 
1335103065.55508 212 2.46900224685669 2.49738168716431 
1335103065.69448 212 2.67044901847839 2.32710552215576 
1335103065.79742 212 2.40340423583984 2.70859837532043 
1335103065.93611 212 2.49738168716431 2.44062304496765 
1335103066.07476 212 2.49332737922668 2.54873466491699 
1335103066.19447 212 2.55414032936096 2.383864402771 
1335103066.29566 212 2.55230951309204 2.28957176208496 
1335103066.43483 212 2.72441625595093 2.89469242095947 
1335103066.57599 212 2.55414032936096 2.44062304496765 
1335103066.69519 212 2.49738168716431 2.44062304496765 
1335103066.79489 212 2.61089897155762 2.78117489814758 
1335103066.93483 212 2.55414032936096 2.49738168716431 
1335103067.09445 212 2.40217351913452 2.55230951309204 
1335103067.23464 212 2.55414032936096 2.55414032936096 
1335103067.35459 212 2.52576088905334 2.49738168716431 
1335103067.45451 212 2.51477551460266 2.58984327316284 
1335103067.59442 212 2.51785206794739 2.47970271110535 
1335103067.73439 212 2.50163865089417 2.61799383163452 
1335103067.83408 212 2.44062304496765 2.44062304496765 
1335103067.95424 212 2.67186212539673 2.70059180259705 
1335103068.09441 212 2.47724151611328 2.62737727165222 
1335103068.23559 212 2.55414032936096 2.44062304496765 
1335103068.33453 212 2.78117489814758 2.49738168716431 
1335103068.47443 212 2.61089897155762 2.27034687995911 
1335103068.59414 212 2.27034687995911 2.10007095336914 
1335103068.74381 212 1.75951886177063 1.87303626537323 
1335103068.8345 212 1.58924281597137 1.53248417377472 
1335103068.97419 212 1.36220812797546 1.36220812797546 
