1335111570.39367 212 0 0.00742002576589584 
1335111570.55154 212 4.05703163146973 1.47873103618622 
1335111570.69175 212 3.4622790813446 1.64600157737732 
1335111570.79268 212 3.30841517448425 1.57009541988373 
1335111570.91165 212 3.37454009056091 1.85789287090302 
1335111571.05375 212 3.01740908622742 2.1064932346344 
1335111571.15168 212 2.80579733848572 2.0853898525238 
1335111571.29213 212 2.96047687530518 2.04956102371216 
1335111571.43377 212 2.94248008728027 2.32003235816956 
1335111571.55225 212 2.78117489814758 2.27034687995911 
1335111571.69314 212 2.83793377876282 2.66765761375427 
1335111571.79211 212 2.55414032936096 2.383864402771 
1335111571.95201 212 2.68657732009888 2.383864402771 
1335111572.11218 212 2.54125642776489 2.51270294189453 
1335111572.25183 212 2.55077433586121 2.2842755317688 
1335111572.39152 212 2.56195116043091 2.61888337135315 
1335111572.49296 212 2.49738168716431 2.32710552215576 
1335111572.6326 212 2.55414032936096 2.49738168716431 
1335111572.75156 212 2.4645516872406 2.50246787071228 
1335111572.8535 212 2.5455687046051 2.43158793449402 
1335111572.95224 212 2.52495670318604 2.60032844543457 
1335111573.09188 212 2.61089897155762 2.61089897155762 
1335111573.23539 212 2.61888337135315 2.44808673858643 
1335111573.35172 212 2.50246787071228 2.61621642112732 
1335111573.49191 212 2.61089897155762 2.49738168716431 
1335111573.65158 212 2.45954251289368 2.42170333862305 
1335111573.7935 212 2.5888454914093 2.24620413780212 
1335111573.95189 212 2.31760716438293 2.6975429058075 
1335111574.09158 212 2.44808673858643 2.44808673858643 
1335111574.19152 212 2.50501894950867 2.67581558227539 
1335111574.33144 212 2.56195116043091 2.56195116043091 
1335111574.45162 212 2.54038405418396 2.50246787071228 
1335111574.59206 212 2.61089897155762 2.55414032936096 
1335111574.75172 212 2.69204878807068 2.54038405418396 
1335111574.89263 212 2.50246787071228 2.4645516872406 
1335111574.9916 212 2.53522086143494 2.383864402771 
1335111575.092 212 2.44808673858643 2.50501894950867 
1335111575.25194 212 2.57830023765564 2.4645516872406 
1335111575.39161 212 2.52302217483521 2.52302217483521 
1335111575.49182 212 2.64873814582825 2.64873814582825 
1335111575.5925 212 2.48979091644287 2.43320465087891 
1335111575.75167 212 2.45954251289368 2.61089897155762 
1335111575.89243 212 2.44808673858643 2.39115428924561 
1335111575.99204 212 2.45954251289368 2.53522086143494 
1335111576.15167 212 2.4645516872406 2.4645516872406 
1335111576.2916 212 2.61888337135315 2.44808673858643 
1335111576.43201 212 2.61089897155762 2.61089897155762 
1335111576.59196 212 2.65954923629761 2.58356213569641 
1335111576.75208 212 2.58356213569641 2.46958136558533 
1335111576.85181 212 2.45954251289368 2.45954251289368 
1335111576.95248 212 2.58984327316284 2.55230951309204 
1335111577.09192 212 2.4645516872406 2.69204878807068 
1335111577.25282 212 2.54038405418396 2.54038405418396 
1335111577.39175 212 2.50501894950867 2.56195116043091 
1335111577.4927 212 2.30601406097412 2.41850256919861 
1335111577.63159 212 2.48979091644287 2.48979091644287 
1335111577.79403 212 2.53522086143494 2.49738168716431 
1335111577.95243 212 2.44463610649109 2.48224592208862 
1335111578.09186 212 2.78968024253845 2.56195116043091 
1335111578.23205 212 2.49738168716431 2.49738168716431 
1335111578.39196 212 2.64336538314819 2.49231600761414 
1335111578.49262 212 2.53866076469421 2.48224592208862 
1335111578.65206 212 2.38871932029724 2.50246787071228 
1335111578.79323 212 2.69159197807312 2.46729278564453 
1335111578.93181 212 2.49738168716431 2.44062304496765 
1335111579.05157 212 2.4645516872406 2.61621642112732 
1335111579.19227 212 2.44062304496765 2.49738168716431 
1335111579.29221 212 2.48224592208862 2.59507536888123 
1335111579.4331 212 2.61089897155762 2.49738168716431 
1335111579.59179 212 2.68657732009888 2.53522086143494 
1335111579.75209 212 2.57305979728699 2.53522086143494 
1335111579.89212 212 2.50501894950867 2.56195116043091 
1335111580.03201 212 2.44808673858643 2.56195116043091 
1335111580.15772 212 2.57830023765564 2.72996497154236 
1335111580.31165 212 2.55414032936096 2.61089897155762 
1335111580.45255 212 2.42170333862305 2.57305979728699 
1335111580.59273 212 2.46958136558533 2.46958136558533 
1335111580.75263 212 2.5455687046051 2.6215558052063 
1335111580.85231 212 2.64873814582825 2.57305979728699 
1335111580.95304 212 2.33652710914612 2.52495670318604 
1335111581.09221 212 2.44062304496765 2.49738168716431 
1335111581.23259 212 2.22035765647888 2.27728986740112 
1335111581.3538 212 1.89580905437469 1.93372523784637 
1335111581.49326 212 1.57009541988373 1.62617015838623 
1335111581.63166 212 1.27990806102753 1.39626336097717 
1335111581.73234 212 -1.75951886177063 3.29200315475464 
1335111581.85179 212 -5.64951086044312 5.80117559432983 
1335111581.9917 212 -4.78230857849121 4.89617347717285 
1335111582.13509 212 -3.52979946136475 5.5793604850769 
1335111582.2518 212 -0.0378391146659851 5.90290212631226 
1335111582.39195 212 0 5.16503953933716 
1335111582.49192 212 0.283793359994888 4.4271764755249 
1335111582.63233 212 0.113517343997955 3.6893138885498 
1335111582.7923 212 1.57642638683319 3.71586227416992 
1335111582.9519 212 1.85411667823792 3.06496834754944 
1335111583.09385 212 2.09368777275085 2.94248008728027 
1335111583.23224 212 2.10007095336914 2.89469242095947 
1335111583.3517 212 2.25080704689026 2.86119532585144 
1335111583.45188 212 2.27034687995911 2.64873814582825 
1335111583.59231 212 2.33422207832336 2.61888337135315 
1335111583.75798 212 2.49738168716431 2.9136118888855 
1335111583.89241 212 2.30350422859192 2.56784057617188 
1335111584.0518 212 2.4645516872406 2.654132604599 
1335111584.19297 212 2.44808673858643 2.61888337135315 
1335111584.3524 212 2.30818605422974 2.53522086143494 
1335111584.49183 212 2.42170333862305 2.53522086143494 
1335111584.65171 212 2.50246787071228 2.57830023765564 
1335111584.7919 212 2.39115428924561 2.39115428924561 
1335111584.95331 212 2.5626425743103 2.52495670318604 
1335111585.09225 212 2.57830023765564 2.54038405418396 
1335111585.25189 212 2.50246787071228 2.61621642112732 
1335111585.39206 212 2.50501894950867 2.67581558227539 
1335111585.49251 212 2.47474670410156 2.47474670410156 
1335111585.63217 212 2.49738168716431 2.61089897155762 
1335111585.79239 212 2.45954251289368 2.42170333862305 
1335111585.95224 212 2.57305979728699 2.53522086143494 
1335111586.0527 212 2.60032844543457 2.60032844543457 
1335111586.19213 212 2.49738168716431 2.49738168716431 
1335111586.35254 212 2.57830023765564 2.54038405418396 
1335111586.45173 212 2.61089897155762 2.57305979728699 
1335111586.59215 212 2.49738168716431 2.55414032936096 
1335111586.73206 212 2.55414032936096 2.61089897155762 
1335111586.89227 212 2.49231600761414 2.64336538314819 
1335111587.05189 212 2.54038405418396 2.54038405418396 
1335111587.19179 212 2.67581558227539 2.61888337135315 
1335111587.29351 212 2.42583131790161 2.42583131790161 
1335111587.43246 212 2.44062304496765 2.66765761375427 
1335111587.59336 212 2.68657732009888 2.42170333862305 
1335111587.75249 212 2.61089897155762 2.53522086143494 
1335111587.89194 212 2.55414032936096 2.55414032936096 
1335111588.03486 212 2.56195116043091 2.50501894950867 
1335111588.19277 212 2.64873814582825 2.49738168716431 
1335111588.35216 212 2.654132604599 2.61621642112732 
1335111588.49236 212 2.44062304496765 2.55414032936096 
1335111588.63227 212 2.44062304496765 2.49738168716431 
1335111588.79344 212 2.45954251289368 2.68657732009888 
1335111588.95254 212 2.52495670318604 2.4495849609375 
1335111589.09202 212 2.50501894950867 2.73274779319763 
1335111589.19198 212 2.45954251289368 2.45954251289368 
1335111589.35212 212 2.46958136558533 2.5455687046051 
1335111589.45231 212 2.51270294189453 2.47463178634644 
1335111589.59612 212 2.50501894950867 2.44808673858643 
1335111589.73217 212 2.54637694358826 2.43320465087891 
1335111589.89259 212 2.61089897155762 2.61089897155762 
1335111590.05197 212 2.45954251289368 2.34602522850037 
1335111590.19192 212 2.74113059043884 2.51270294189453 
1335111590.29236 212 2.61888337135315 2.56195116043091 
1335111590.43229 212 2.67581558227539 2.73274779319763 
1335111590.5532 212 2.42663550376892 2.61621642112732 
1335111590.69188 212 2.44062304496765 2.49738168716431 
1335111590.85243 212 2.61621642112732 2.61621642112732 
1335111590.99221 212 2.50246787071228 2.50246787071228 
1335111591.09215 212 2.60560297966003 2.45455360412598 
1335111591.25208 212 2.49738168716431 2.49738168716431 
1335111591.39225 212 2.44062304496765 2.49738168716431 
1335111591.53464 212 2.56195116043091 2.67581558227539 
1335111591.65285 212 2.48224592208862 2.51985573768616 
1335111591.79325 212 2.50501894950867 2.50501894950867 
1335111591.95269 212 2.4495849609375 2.52495670318604 
1335111592.09187 212 2.57305979728699 2.49738168716431 
1335111592.19281 212 2.51477551460266 2.55230951309204 
1335111592.35344 212 2.61089897155762 2.72441625595093 
1335111592.45219 212 2.64873814582825 2.61089897155762 
1335111592.59233 212 2.50501894950867 2.39115428924561 
1335111592.69203 212 2.58356213569641 2.46958136558533 
1335111592.85219 212 2.68657732009888 2.49738168716431 
1335111592.95262 212 2.5626425743103 2.4495849609375 
1335111593.09206 212 2.50501894950867 2.73274779319763 
1335111593.192 212 2.49738168716431 2.49738168716431 
1335111593.33739 212 2.56195116043091 2.61888337135315 
1335111593.45235 212 2.4645516872406 2.57830023765564 
1335111593.59404 212 2.67581558227539 2.39115428924561 
1335111593.75225 212 2.64336538314819 2.53007841110229 
1335111593.89213 212 2.61621642112732 2.4645516872406 
1335111593.99262 212 2.68657732009888 2.42170333862305 
1335111594.1525 212 2.64873814582825 2.61089897155762 
1335111594.29239 212 2.56980991363525 2.51270294189453 
1335111594.43478 212 2.39115428924561 2.39115428924561 
1335111594.552 212 2.50246787071228 2.54038405418396 
1335111594.69214 212 2.44062304496765 2.55414032936096 
1335111594.85564 212 2.57305979728699 2.57305979728699 
1335111594.95227 212 2.52495670318604 2.48727083206177 
1335111595.09371 212 2.55746555328369 2.59507536888123 
1335111595.25234 212 2.58356213569641 2.50757503509521 
1335111595.39204 212 2.61089897155762 2.55414032936096 
1335111595.53847 212 2.56195116043091 2.39115428924561 
1335111595.69239 212 2.53522086143494 2.45954251289368 
1335111595.85226 212 2.69204878807068 2.4645516872406 
1335111595.95222 212 2.52495670318604 2.48727083206177 
1335111596.09264 212 2.49738168716431 2.44062304496765 
1335111596.19258 212 2.68657732009888 2.72441625595093 
1335111596.35273 212 2.55077433586121 2.47463178634644 
1335111596.49267 212 2.49738168716431 2.55414032936096 
1335111596.63235 212 2.66765761375427 2.49738168716431 
1335111596.73301 212 2.3694167137146 2.59507536888123 
1335111596.85222 212 2.4645516872406 2.57830023765564 
1335111596.99216 212 2.78968024253845 2.44808673858643 
1335111597.15232 212 2.53522086143494 2.64873814582825 
1335111597.2926 212 2.47463178634644 2.5888454914093 
1335111597.45238 212 2.49738168716431 2.57305979728699 
1335111597.59243 212 2.56195116043091 2.44808673858643 
1335111597.75248 212 2.68112778663635 2.56784057617188 
1335111597.91365 212 2.53736472129822 2.48034524917603 
1335111598.0523 212 2.54038405418396 2.54038405418396 
1335111598.19846 212 2.50501894950867 2.50501894950867 
1335111598.33266 212 2.49738168716431 2.49738168716431 
1335111598.49208 212 2.68112778663635 2.64336538314819 
1335111598.5925 212 2.3694167137146 2.42583131790161 
1335111598.75242 212 2.5455687046051 2.50757503509521 
1335111598.85263 212 2.68657732009888 2.42170333862305 
1335111598.99204 212 2.50246787071228 2.50246787071228 
1335111599.09374 212 2.56784057617188 2.41679120063782 
1335111599.25214 212 2.654132604599 2.57830023765564 
1335111599.39257 212 2.44062304496765 2.55414032936096 
1335111599.49228 212 2.60296320915222 2.54637694358826 
1335111599.65692 212 2.63268518447876 2.55746555328369 
1335111599.79232 212 2.44808673858643 2.50501894950867 
1335111599.95275 212 2.57305979728699 2.49738168716431 
1335111600.09744 212 2.45954251289368 2.61089897155762 
1335111600.19288 212 2.49231600761414 2.56784057617188 
1335111600.35276 212 2.61621642112732 2.4645516872406 
1335111600.4927 212 2.49738168716431 2.72441625595093 
1335111600.63236 212 2.48979091644287 2.43320465087891 
1335111600.7933 212 2.61089897155762 2.64873814582825 
1335111600.95268 212 2.61089897155762 2.42170333862305 
1335111601.09237 212 2.55414032936096 2.55414032936096 
1335111601.19233 212 2.48979091644287 2.43320465087891 
1335111601.33249 212 2.50501894950867 2.44808673858643 
1335111601.45216 212 2.50246787071228 2.50246787071228 
1335111601.59285 212 2.61888337135315 2.56195116043091 
1335111601.73229 212 2.54637694358826 2.48979091644287 
1335111601.89269 212 2.61089897155762 2.53522086143494 
1335111602.05209 212 2.61089897155762 2.30818605422974 
1335111602.19276 212 2.50501894950867 2.50501894950867 
1335111602.29371 212 2.49738168716431 2.383864402771 
1335111602.39264 212 2.60296320915222 2.60296320915222 
1335111602.55257 212 2.4645516872406 2.50246787071228 
1335111602.69225 212 2.49738168716431 2.49738168716431 
1335111602.83215 212 2.56195116043091 2.61888337135315 
1335111602.95233 212 2.42170333862305 2.57305979728699 
1335111603.09301 212 2.52336764335632 2.63551712036133 
1335111603.25218 212 2.53522086143494 2.53522086143494 
1335111603.3951 212 2.66765761375427 2.55414032936096 
1335111603.553 212 2.54038405418396 2.38871932029724 
1335111603.65294 212 2.53007841110229 2.49231600761414 
1335111603.79238 212 2.44808673858643 2.39115428924561 
1335111603.89232 212 2.59367799758911 2.59367799758911 
1335111604.03296 212 2.55414032936096 2.49738168716431 
1335111604.15217 212 2.61621642112732 2.61621642112732 
1335111604.29507 212 2.44062304496765 2.55414032936096 
1335111604.45277 212 2.42170333862305 2.49738168716431 
1335111604.59243 212 2.5455687046051 2.50757503509521 
1335111604.75258 212 2.57830023765564 2.50246787071228 
1335111604.85227 212 2.64873814582825 2.61089897155762 
1335111604.99322 212 2.56195116043091 2.50501894950867 
1335111605.13285 212 2.5309910774231 2.5309910774231 
1335111605.25257 212 2.57830023765564 2.4645516872406 
1335111605.39297 212 2.39115428924561 2.33422207832336 
1335111605.55265 212 2.69204878807068 2.69204878807068 
1335111605.69233 212 2.57305979728699 2.49738168716431 
1335111605.79258 212 2.45954251289368 2.53522086143494 
1335111605.8927 212 2.58723521232605 2.41850256919861 
1335111606.05263 212 2.52495670318604 2.48727083206177 
1335111606.1923 212 2.55414032936096 2.49738168716431 
1335111606.33319 212 2.49738168716431 2.49738168716431 
1335111606.4524 212 2.42663550376892 2.54038405418396 
1335111606.59418 212 2.54637694358826 2.48979091644287 
1335111606.73352 212 2.44062304496765 2.49738168716431 
1335111606.89518 212 2.57305979728699 2.42170333862305 
1335111607.05231 212 2.53522086143494 2.68657732009888 
1335111607.19249 212 2.72441625595093 2.49738168716431 
1335111607.29269 212 2.59507536888123 2.48224592208862 
1335111607.43333 212 2.50501894950867 2.56195116043091 
1335111607.55329 212 2.68112778663635 2.45455360412598 
1335111607.65422 212 2.51985573768616 2.48224592208862 
1335111607.79267 212 2.61888337135315 2.56195116043091 
1335111607.89411 212 2.71613550186157 2.43320465087891 
1335111608.03228 212 2.51270294189453 2.62691688537598 
1335111608.15396 212 2.50757503509521 2.58356213569641 
1335111608.2944 212 2.72441625595093 2.383864402771 
1335111608.4528 212 2.49738168716431 2.42170333862305 
1335111608.59253 212 2.70305919647217 2.47463178634644 
1335111608.75262 212 2.4645516872406 2.50246787071228 
1335111608.85284 212 2.53522086143494 2.57305979728699 
1335111608.99275 212 2.61888337135315 2.44808673858643 
1335111609.09245 212 2.50246787071228 2.4645516872406 
1335111609.25235 212 2.57830023765564 2.4645516872406 
1335111609.39977 212 2.56195116043091 2.50501894950867 
1335111609.49247 212 2.49738168716431 2.55414032936096 
1335111609.63264 212 2.32710552215576 2.27034687995911 
1335111609.73255 212 1.98655354976654 1.92979490756989 
1335111609.85254 212 2.00955772399902 1.81997668743134 
1335111609.99295 212 1.6510351896286 1.42330622673035 
1335111610.15487 212 1.33773732185364 1.22625923156738 
1335111610.29379 212 -4.79697847366333 5.29190492630005 
1335111610.45719 212 -4.47410917282104 4.5499415397644 
1335111610.59262 212 -0.567586719989777 6.12993669509888 
1335111610.75277 212 -0.0379161797463894 5.23243284225464 
1335111610.89722 212 0 4.52231073379517 
1335111611.05284 212 0.532997608184814 3.99748206138611 
1335111611.19278 212 1.42330622673035 3.75752830505371 
1335111611.29273 212 1.86168444156647 3.38488101959229 
1335111611.43286 212 1.87876415252686 3.01740908622742 
1335111611.55357 212 2.12330603599548 3.10912680625916 
1335111611.69277 212 2.17006158828735 2.85534429550171 
1335111611.85293 212 2.27034687995911 2.95145106315613 
1335111611.99235 212 2.42663550376892 2.69204878807068 
1335111612.15249 212 2.31288695335388 2.69204878807068 
1335111612.29292 212 2.32710552215576 2.49738168716431 
1335111612.45383 212 2.49738168716431 2.76225543022156 
1335111612.59276 212 2.4645516872406 2.50246787071228 
1335111612.75266 212 2.50246787071228 2.57830023765564 
1335111612.89384 212 2.49738168716431 2.49738168716431 
1335111613.03274 212 2.55414032936096 2.55414032936096 
1335111613.1927 212 2.3412663936615 2.71889019012451 
1335111613.35281 212 2.54038405418396 2.50246787071228 
1335111613.49301 212 2.44062304496765 2.49738168716431 
1335111613.63645 212 2.66765761375427 2.44062304496765 
1335111613.73258 212 2.61089897155762 2.55414032936096 
1335111613.8528 212 2.50757503509521 2.46958136558533 
1335111613.99298 212 2.67581558227539 2.67581558227539 
1335111614.13342 212 2.48979091644287 2.48979091644287 
1335111614.29257 212 2.61089897155762 2.49738168716431 
1335111614.45397 212 2.49738168716431 2.57305979728699 
1335111614.59264 212 2.49738168716431 2.49738168716431 
1335111614.73258 212 2.71613550186157 2.60296320915222 
1335111614.89324 212 2.50971555709839 2.50971555709839 
1335111615.05262 212 2.43158793449402 2.5455687046051 
1335111615.19282 212 2.61888337135315 2.44808673858643 
1335111615.29326 212 2.53866076469421 2.48224592208862 
1335111615.43343 212 2.56195116043091 2.50501894950867 
1335111615.55611 212 2.57830023765564 2.72996497154236 
1335111615.65279 212 2.41189885139465 2.41189885139465 
1335111615.79298 212 2.67581558227539 2.56195116043091 
1335111615.93268 212 2.61089897155762 2.44062304496765 
1335111616.09261 212 2.53522086143494 2.53522086143494 
1335111616.25247 212 2.65954923629761 2.50757503509521 
1335111616.39365 212 2.50501894950867 2.61888337135315 
1335111616.4926 212 2.383864402771 2.55414032936096 
1335111616.65402 212 2.69204878807068 2.54038405418396 
1335111616.79291 212 2.50501894950867 2.56195116043091 
1335111616.95284 212 2.57305979728699 2.30818605422974 
1335111617.09252 212 2.39115428924561 2.73274779319763 
1335111617.25241 212 2.50246787071228 2.57830023765564 
1335111617.3931 212 2.66765761375427 2.49738168716431 
1335111617.49254 212 2.49738168716431 2.55414032936096 
1335111617.63295 212 2.49738168716431 2.49738168716431 
1335111617.79338 212 2.53522086143494 2.61089897155762 
1335111617.95477 212 2.53522086143494 2.49738168716431 
1335111618.09246 212 2.50501894950867 2.50501894950867 
1335111618.19465 212 2.49738168716431 2.49738168716431 
1335111618.33256 212 2.61888337135315 2.44808673858643 
1335111618.45425 212 2.50246787071228 2.2749707698822 
1335111618.59268 212 2.55414032936096 2.55414032936096 
1335111618.75284 212 2.50246787071228 2.4645516872406 
1335111618.89277 212 2.71338629722595 2.71338629722595 
1335111619.05267 212 2.57830023765564 2.42663550376892 
1335111619.19285 212 2.50501894950867 2.33422207832336 
1335111619.29305 212 2.69972372055054 2.47474670410156 
1335111619.43368 212 2.5309910774231 2.47474670410156 
1335111619.55414 212 2.50246787071228 2.69204878807068 
1335111619.65308 212 2.7355363368988 2.46958136558533 
1335111619.79253 212 2.50501894950867 2.44808673858643 
1335111619.93294 212 2.49738168716431 2.44062304496765 
1335111620.0931 212 2.53522086143494 2.42170333862305 
1335111620.25275 212 2.50757503509521 2.6975429058075 
1335111620.39344 212 2.55414032936096 2.44062304496765 
1335111620.49313 212 2.49738168716431 2.61089897155762 
1335111620.63252 212 2.49738168716431 2.55414032936096 
1335111620.75298 212 2.50757503509521 2.50757503509521 
1335111620.89317 212 2.49738168716431 2.49738168716431 
1335111621.05283 212 2.49738168716431 2.53522086143494 
1335111621.193 212 2.57830023765564 2.57830023765564 
1335111621.35263 212 2.53522086143494 2.45954251289368 
1335111621.49282 212 2.49738168716431 2.44062304496765 
1335111621.633 212 2.55414032936096 2.383864402771 
1335111621.79342 212 2.4645516872406 2.61621642112732 
1335111621.89286 212 2.70790481567383 2.76431941986084 
1335111622.05303 212 2.49738168716431 2.57305979728699 
1335111622.19287 212 2.55414032936096 2.49738168716431 
1335111622.33458 212 2.56195116043091 2.50501894950867 
1335111622.45379 212 2.50246787071228 2.54038405418396 
1335111622.59322 212 2.49738168716431 2.61089897155762 
1335111622.75288 212 2.54038405418396 2.54038405418396 
1335111622.89632 212 2.53522086143494 2.57305979728699 
1335111623.0527 212 2.61621642112732 2.54038405418396 
1335111623.19263 212 2.50501894950867 2.50501894950867 
1335111623.29308 212 2.44062304496765 2.72441625595093 
1335111623.43499 212 2.5309910774231 2.5309910774231 
1335111623.59317 212 2.52495670318604 2.63801455497742 
1335111623.75334 212 2.45954251289368 2.42170333862305 
1335111623.89424 212 2.50501894950867 2.61888337135315 
1335111624.03339 212 2.44808673858643 2.39115428924561 
1335111624.1531 212 2.57830023765564 2.54038405418396 
1335111624.29475 212 2.50501894950867 2.73274779319763 
1335111624.4532 212 2.61089897155762 2.49738168716431 
1335111624.59311 212 2.51270294189453 2.55077433586121 
1335111624.75301 212 2.50246787071228 2.50246787071228 
1335111624.89346 212 2.56195116043091 2.56195116043091 
1335111625.05311 212 2.51477551460266 2.47724151611328 
1335111625.19329 212 2.47463178634644 2.55077433586121 
1335111625.35268 212 2.57305979728699 2.53522086143494 
1335111625.49286 212 2.66765761375427 2.49738168716431 
1335111625.63504 212 2.49738168716431 2.49738168716431 
1335111625.73273 212 2.66765761375427 2.55414032936096 
1335111625.85291 212 2.50757503509521 2.50757503509521 
1335111625.99284 212 2.50501894950867 2.50501894950867 
1335111626.15291 212 2.49738168716431 2.49738168716431 
1335111626.29317 212 2.54038405418396 2.54038405418396 
1335111626.45507 212 2.57830023765564 2.50246787071228 
1335111626.59275 212 2.55414032936096 2.49738168716431 
1335111626.73293 212 2.72441625595093 2.383864402771 
1335111626.89485 212 2.67029500007629 2.55746555328369 
1335111627.05305 212 2.35080313682556 2.72996497154236 
1335111627.19267 212 2.44808673858643 2.56195116043091 
1335111627.29312 212 2.49738168716431 2.78117489814758 
1335111627.43525 212 2.41121792793274 2.52336764335632 
1335111627.55573 212 2.57830023765564 2.42663550376892 
1335111627.6929 212 2.56195116043091 2.44808673858643 
1335111627.85281 212 2.54038405418396 2.4645516872406 
1335111627.99273 212 2.57830023765564 2.8437135219574 
1335111628.15263 212 2.61621642112732 2.42663550376892 
1335111628.29357 212 2.44062304496765 2.55414032936096 
1335111628.45298 212 2.49738168716431 2.53522086143494 
1335111628.59265 212 2.11899042129517 2.9136118888855 
1335111628.75354 212 2.57830023765564 2.57830023765564 
1335111628.89298 212 2.44062304496765 2.49738168716431 
1335111629.05314 212 2.49738168716431 2.49738168716431 
1335111629.19407 212 2.54038405418396 2.4645516872406 
1335111629.29352 212 2.4495849609375 2.5626425743103 
1335111629.4544 212 2.68657732009888 2.53522086143494 
1335111629.59359 212 2.56195116043091 2.61888337135315 
1335111629.73274 212 2.55414032936096 2.44062304496765 
1335111629.89318 212 2.60032844543457 2.48727083206177 
1335111630.0531 212 2.45954251289368 2.53522086143494 
1335111630.19376 212 2.56195116043091 2.44808673858643 
1335111630.3339 212 2.56195116043091 2.61888337135315 
1335111630.45586 212 2.54038405418396 2.50246787071228 
1335111630.59501 212 2.61089897155762 2.49738168716431 
1335111630.75495 212 2.61621642112732 2.42663550376892 
1335111630.89312 212 2.5455687046051 2.35560083389282 
1335111631.05302 212 2.4645516872406 2.57830023765564 
1335111631.19671 212 2.44808673858643 2.44808673858643 
1335111631.29314 212 2.61089897155762 2.72441625595093 
1335111631.43533 212 2.41121792793274 2.35514307022095 
1335111631.59306 212 2.45954251289368 2.64873814582825 
1335111631.69341 212 2.37661862373352 2.48979091644287 
1335111631.85344 212 2.50246787071228 2.54038405418396 
1335111631.99276 212 2.4645516872406 2.654132604599 
1335111632.15317 212 2.57830023765564 2.57830023765564 
1335111632.29682 212 2.58723521232605 2.64347958564758 
1335111632.45451 212 2.49738168716431 2.42170333862305 
1335111632.59268 212 2.50501894950867 2.61888337135315 
1335111632.73311 212 2.44062304496765 2.49738168716431 
1335111632.85327 212 2.50757503509521 2.5455687046051 
1335111632.95325 212 2.49738168716431 2.49738168716431 
1335111633.05344 212 2.4495849609375 2.48727083206177 
1335111633.19486 212 2.654132604599 2.38871932029724 
1335111633.29305 212 2.68112778663635 2.49231600761414 
1335111633.45319 212 2.57830023765564 2.4645516872406 
1335111633.59363 212 2.65148997306824 2.53866076469421 
1335111633.73304 212 2.54637694358826 2.37661862373352 
1335111633.89347 212 2.61089897155762 2.42170333862305 
1335111634.0531 212 2.654132604599 2.35080313682556 
1335111634.19479 212 2.44808673858643 2.67581558227539 
1335111634.3332 212 2.65148997306824 2.65148997306824 
1335111634.4949 212 2.49231600761414 2.53007841110229 
1335111634.65302 212 2.50246787071228 2.4645516872406 
1335111634.79321 212 2.61089897155762 2.49738168716431 
1335111634.89416 212 2.48224592208862 2.53866076469421 
1335111635.03331 212 2.56195116043091 2.67581558227539 
1335111635.15299 212 2.66498804092407 2.5888454914093 
1335111635.29318 212 2.44062304496765 2.49738168716431 
1335111635.43436 212 2.41850256919861 2.5309910774231 
1335111635.59353 212 2.49738168716431 2.45954251289368 
1335111635.69296 212 2.26344609260559 2.94248008728027 
1335111635.85339 212 2.34602522850037 2.45954251289368 
1335111635.9933 212 2.383864402771 2.83793377876282 
1335111636.13397 212 2.44808673858643 2.56195116043091 
1335111636.2534 212 2.38871932029724 2.61621642112732 
1335111636.39282 212 2.61089897155762 2.55414032936096 
1335111636.49352 212 2.44062304496765 2.44062304496765 
1335111636.6377 212 2.65148997306824 2.48224592208862 
1335111636.79338 212 2.654132604599 2.4645516872406 
1335111636.95499 212 2.45954251289368 2.45954251289368 
1335111637.05677 212 2.71338629722595 2.52495670318604 
1335111637.19289 212 2.72996497154236 2.42663550376892 
1335111637.29309 212 2.56784057617188 2.60560297966003 
1335111637.45422 212 2.68657732009888 2.45954251289368 
1335111637.59342 212 2.48224592208862 2.48224592208862 
1335111637.73331 212 2.48979091644287 2.48979091644287 
1335111637.8935 212 2.49738168716431 2.53522086143494 
1335111638.05288 212 2.50757503509521 2.58356213569641 
1335111638.19333 212 2.56195116043091 2.50501894950867 
1335111638.33348 212 2.49738168716431 2.49738168716431 
1335111638.49517 212 2.2279794216156 2.26574182510376 
1335111638.59334 212 1.97451388835907 2.03092861175537 
1335111638.75327 212 1.7062281370163 1.7062281370163 
1335111638.85348 212 1.55140376091003 1.47572553157806 
1335111638.99388 212 1.23086583614349 1.26933038234711 
1335111639.09356 212 -1.23862075805664 2.96518301963806 
1335111639.255 212 -4.04878520965576 4.20014190673828 
1335111639.35345 212 -2.11899042129517 7.22727108001709 
1335111639.49311 212 -0.0378391146659851 5.60018920898438 
1335111639.65352 212 -0.189195573329926 4.9569239616394 
1335111639.75395 212 0 4.43795490264893 
1335111639.89314 212 0.853983700275421 3.75752830505371 
1335111639.99333 212 1.64600157737732 3.51903772354126 
1335111640.13322 212 1.64099848270416 3.22541093826294 
1335111640.25393 212 1.97164142131805 2.99537825584412 
1335111640.39514 212 2.27034687995911 3.12172698974609 
1335111640.49331 212 2.1568295955658 2.66765761375427 
1335111640.6332 212 2.49738168716431 2.49738168716431 
1335111640.79316 212 2.50246787071228 2.654132604599 
1335111640.95353 212 2.49738168716431 2.49738168716431 
1335111641.05706 212 2.5626425743103 2.90181589126587 
1335111641.19318 212 2.32710552215576 2.61089897155762 
1335111641.35307 212 2.50246787071228 2.54038405418396 
1335111641.49351 212 2.49738168716431 2.55414032936096 
1335111641.59494 212 2.65148997306824 2.42583131790161 
1335111641.7331 212 2.44062304496765 2.72441625595093 
1335111641.89329 212 2.49738168716431 2.49738168716431 
1335111642.05317 212 2.34602522850037 2.72441625595093 
1335111642.19436 212 2.61089897155762 2.49738168716431 
1335111642.33352 212 2.55414032936096 2.61089897155762 
1335111642.49346 212 2.45954251289368 2.64873814582825 
1335111642.65327 212 2.38871932029724 2.54038405418396 
1335111642.79303 212 2.61089897155762 2.55414032936096 
1335111642.93317 212 2.50501894950867 2.56195116043091 
1335111643.05388 212 2.50246787071228 2.50246787071228 
1335111643.19303 212 2.56195116043091 2.56195116043091 
1335111643.35324 212 2.57830023765564 2.54038405418396 
1335111643.4934 212 2.54038405418396 2.4645516872406 
1335111643.65305 212 2.49738168716431 2.49738168716431 
1335111643.75373 212 2.55746555328369 2.48224592208862 
1335111643.89343 212 2.44808673858643 2.50501894950867 
1335111643.99637 212 2.383864402771 2.49738168716431 
1335111644.1338 212 2.56195116043091 2.67581558227539 
1335111644.25347 212 2.57830023765564 2.50246787071228 
1335111644.39681 212 2.49738168716431 2.72441625595093 
1335111644.49335 212 2.44062304496765 2.55414032936096 
1335111644.63323 212 2.61888337135315 2.50501894950867 
1335111644.75419 212 2.4645516872406 2.61621642112732 
1335111644.85337 212 2.50246787071228 2.54038405418396 
1335111644.99531 212 2.44808673858643 2.50501894950867 
1335111645.13422 212 2.37661862373352 2.54637694358826 
1335111645.29316 212 2.57305979728699 2.53522086143494 
1335111645.4533 212 2.42663550376892 2.4645516872406 
1335111645.59374 212 2.65148997306824 2.59507536888123 
1335111645.73638 212 2.48979091644287 2.77272152900696 
1335111645.89383 212 2.45954251289368 2.53522086143494 
1335111646.05359 212 2.45954251289368 2.64873814582825 
1335111646.1934 212 2.50501894950867 2.44808673858643 
1335111646.33355 212 2.60296320915222 2.48979091644287 
1335111646.49347 212 2.64873814582825 2.42170333862305 
1335111646.65365 212 2.54038405418396 2.50246787071228 
1335111646.79357 212 2.49738168716431 2.49738168716431 
1335111646.93495 212 2.44808673858643 2.50501894950867 
1335111647.05316 212 2.42663550376892 2.50246787071228 
1335111647.19312 212 2.56195116043091 2.61888337135315 
1335111647.35351 212 2.38871932029724 2.54038405418396 
1335111647.49319 212 2.50246787071228 2.57830023765564 
1335111647.65783 212 2.42170333862305 2.53522086143494 
1335111647.79351 212 2.56195116043091 2.61888337135315 
1335111647.89371 212 2.48979091644287 2.48979091644287 
1335111648.03335 212 2.50501894950867 2.50501894950867 
1335111648.15306 212 2.4645516872406 2.54038405418396 
1335111648.29747 212 2.69159197807312 2.46729278564453 
1335111648.4534 212 2.57305979728699 2.57305979728699 
1335111648.59382 212 2.67581558227539 2.39115428924561 
1335111648.69503 212 2.53522086143494 2.68657732009888 
1335111648.85365 212 2.54038405418396 2.4645516872406 
1335111648.99384 212 2.50501894950867 2.61888337135315 
1335111649.13325 212 2.65954923629761 2.48979091644287 
1335111649.29345 212 2.45954251289368 2.57305979728699 
1335111649.45357 212 2.49738168716431 2.57305979728699 
1335111649.59352 212 2.383864402771 2.55414032936096 
1335111649.73317 212 2.37661862373352 2.65954923629761 
1335111649.89411 212 2.5626425743103 2.4495849609375 
1335111650.0537 212 2.53522086143494 2.45954251289368 
1335111650.19368 212 2.44808673858643 2.61888337135315 
1335111650.33659 212 2.49738168716431 2.55414032936096 
1335111650.49454 212 2.49738168716431 2.45954251289368 
1335111650.65466 212 2.61621642112732 2.54038405418396 
1335111650.7936 212 2.49738168716431 2.49738168716431 
1335111650.93599 212 2.44808673858643 2.61888337135315 
1335111651.05345 212 2.4645516872406 2.54038405418396 
1335111651.19342 212 2.44808673858643 2.44808673858643 
1335111651.35354 212 2.57830023765564 2.54038405418396 
1335111651.49397 212 2.6215558052063 2.46958136558533 
1335111651.65362 212 2.42170333862305 2.383864402771 
1335111651.7538 212 2.6649112701416 2.62737727165222 
1335111651.89407 212 2.39115428924561 2.56195116043091 
1335111651.99319 212 2.49738168716431 2.53522086143494 
1335111652.15334 212 2.57830023765564 2.61621642112732 
1335111652.29424 212 2.48224592208862 2.48224592208862 
1335111652.45369 212 2.45954251289368 2.64873814582825 
1335111652.5936 212 2.4645516872406 2.42663550376892 
1335111652.75326 212 2.46958136558533 2.58356213569641 
1335111652.89344 212 2.55414032936096 2.55414032936096 
1335111653.05485 212 2.53522086143494 2.30818605422974 
1335111653.19378 212 2.53522086143494 2.53522086143494 
1335111653.35367 212 2.654132604599 2.76788115501404 
1335111653.4946 212 2.32710552215576 2.49738168716431 
1335111653.65327 212 2.50246787071228 2.4645516872406 
1335111653.79393 212 2.49738168716431 2.57305979728699 
1335111653.89337 212 2.45954251289368 2.49738168716431 
1335111654.05456 212 2.57305979728699 2.61089897155762 
1335111654.19374 212 2.44062304496765 2.49738168716431 
1335111654.35338 212 2.49738168716431 2.53522086143494 
1335111654.45384 212 2.41189885139465 2.67570042610168 
1335111654.59378 212 2.44062304496765 2.44062304496765 
1335111654.75365 212 2.42663550376892 2.4645516872406 
1335111654.85383 212 2.50757503509521 2.58356213569641 
1335111654.95382 212 2.5626425743103 2.60032844543457 
1335111655.09771 212 2.48224592208862 2.63268518447876 
1335111655.25387 212 2.50246787071228 2.50246787071228 
1335111655.3933 212 2.39115428924561 2.39115428924561 
1335111655.53398 212 2.61888337135315 2.50501894950867 
1335111655.69339 212 2.50246787071228 2.54038405418396 
1335111655.79507 212 2.56195116043091 2.61888337135315 
1335111655.95527 212 2.57305979728699 2.42170333862305 
1335111656.09367 212 2.72996497154236 2.50246787071228 
1335111656.25382 212 2.54038405418396 2.38871932029724 
1335111656.39549 212 2.49738168716431 2.55414032936096 
1335111656.49344 212 2.55414032936096 2.66765761375427 
1335111656.63335 212 2.44808673858643 2.56195116043091 
1335111656.75354 212 2.4645516872406 2.54038405418396 
1335111656.89347 212 2.44808673858643 2.56195116043091 
1335111657.03387 212 2.58723521232605 2.58723521232605 
1335111657.19357 212 2.52495670318604 2.52495670318604 
1335111657.35372 212 2.50246787071228 2.54038405418396 
1335111657.4939 212 2.27034687995911 2.44062304496765 
1335111657.63332 212 2.44808673858643 2.50501894950867 
1335111657.75349 212 2.57305979728699 2.45954251289368 
1335111657.89367 212 2.50501894950867 2.44808673858643 
1335111658.03383 212 2.55414032936096 2.61089897155762 
1335111658.19376 212 2.61621642112732 2.57830023765564 
1335111658.2937 212 2.54637694358826 2.60296320915222 
1335111658.45437 212 2.4397075176239 2.62737727165222 
1335111658.59378 212 2.72441625595093 2.55414032936096 
1335111658.73367 212 2.56195116043091 2.61888337135315 
1335111658.85388 212 2.49738168716431 2.49738168716431 
1335111658.99478 212 2.50077033042908 2.5563428401947 
1335111659.15397 212 2.42663550376892 2.61621642112732 
1335111659.29364 212 2.50246787071228 2.54038405418396 
1335111659.3936 212 2.45954251289368 2.42170333862305 
1335111659.55523 212 2.54038405418396 2.61621642112732 
1335111659.69392 212 2.51270294189453 2.56980991363525 
1335111659.83357 212 2.55414032936096 2.49738168716431 
1335111659.99378 212 2.49738168716431 2.45954251289368 
1335111660.15399 212 2.54038405418396 2.54038405418396 
1335111660.29384 212 2.47474670410156 2.47474670410156 
1335111660.43373 212 2.49738168716431 2.49738168716431 
1335111660.55519 212 2.50246787071228 2.57830023765564 
1335111660.69373 212 2.44808673858643 2.50501894950867 
1335111660.85392 212 2.69204878807068 2.654132604599 
1335111660.99521 212 2.45954251289368 2.45954251289368 
1335111661.15484 212 2.4645516872406 2.57830023765564 
1335111661.25406 212 2.67029500007629 2.51985573768616 
1335111661.39373 212 2.56195116043091 2.50501894950867 
1335111661.53365 212 2.49738168716431 2.49738168716431 
1335111661.65358 212 2.654132604599 2.50246787071228 
1335111661.79351 212 2.50501894950867 2.61888337135315 
1335111661.95415 212 2.49738168716431 2.45954251289368 
1335111662.09385 212 2.53522086143494 2.53522086143494 
1335111662.25349 212 2.42663550376892 2.4645516872406 
1335111662.35522 212 2.53522086143494 2.64873814582825 
1335111662.45416 212 2.5626425743103 2.41189885139465 
1335111662.59357 212 2.54038405418396 2.69204878807068 
1335111662.75397 212 2.654132604599 2.38871932029724 
1335111662.85391 212 2.50757503509521 2.5455687046051 
1335111662.99459 212 2.46729278564453 2.46729278564453 
1335111663.13377 212 2.4207661151886 2.59367799758911 
1335111663.29469 212 2.54038405418396 2.654132604599 
1335111663.45357 212 2.54038405418396 2.50246787071228 
1335111663.59377 212 2.55414032936096 2.383864402771 
1335111663.73669 212 2.48979091644287 2.43320465087891 
1335111663.89437 212 2.67570042610168 2.4495849609375 
1335111664.05374 212 2.50246787071228 2.38871932029724 
1335111664.19393 212 2.44062304496765 2.61089897155762 
1335111664.29463 212 2.42583131790161 2.59507536888123 
1335111664.43403 212 2.49738168716431 2.61089897155762 
1335111664.55522 212 2.39848923683167 2.51270294189453 
1335111664.69415 212 2.50501894950867 2.50501894950867 
1335111664.79398 212 2.49738168716431 2.55414032936096 
1335111664.93649 212 2.44808673858643 2.44808673858643 
1335111665.05495 212 2.49738168716431 2.49738168716431 
1335111665.19409 212 2.55414032936096 2.44062304496765 
1335111665.3538 212 2.42663550376892 2.4645516872406 
1335111665.49421 212 2.5455687046051 2.6215558052063 
1335111665.65387 212 2.54038405418396 2.4645516872406 
1335111665.75355 212 2.72441625595093 2.61089897155762 
1335111665.89355 212 2.56195116043091 2.44808673858643 
1335111666.03514 212 2.72441625595093 2.32710552215576 
1335111666.1936 212 2.57830023765564 2.61621642112732 
1335111666.35396 212 2.64873814582825 2.30818605422974 
1335111666.45422 212 2.4495849609375 2.60032844543457 
1335111666.59386 212 2.61621642112732 2.42663550376892 
1335111666.75401 212 2.57830023765564 2.50246787071228 
1335111666.85444 212 2.68657732009888 2.45954251289368 
1335111666.99412 212 2.47474670410156 2.36225819587708 
1335111667.13354 212 2.11945629119873 1.89032578468323 
1335111667.29522 212 2.00955772399902 1.78206050395966 
1335111667.3939 212 1.80526983737946 1.52319645881653 
1335111667.55507 212 1.69946300983429 0.96560400724411 
1335111667.65568 212 -1.32436907291412 2.9136118888855 
1335111667.79369 212 -4.87312078475952 4.64469337463379 
1335111667.89416 212 -4.3426718711853 4.64477062225342 
1335111668.05352 212 -0.0379161797463894 5.80117559432983 
1335111668.19397 212 0 4.93800449371338 
1335111668.33387 212 0.851380109786987 4.20014190673828 
1335111668.49381 212 0.643264949321747 3.85958981513977 
1335111668.65398 212 1.92979490756989 3.1406466960907 
1335111668.79396 212 2.27728986740112 2.90354466438293 
1335111668.93502 212 2.1064932346344 2.90354466438293 
1335111669.05449 212 2.19913840293884 2.80579733848572 
1335111669.19413 212 2.32710552215576 2.89469242095947 
1335111669.35391 212 2.35080313682556 2.76788115501404 
1335111669.494 212 2.42170333862305 2.49738168716431 
1335111669.6539 212 2.57830023765564 2.69204878807068 
1335111669.75408 212 2.45954251289368 2.45954251289368 
1335111669.89353 212 2.44808673858643 2.73274779319763 
1335111670.03518 212 2.383864402771 2.55414032936096 
1335111670.13439 212 2.48979091644287 2.71613550186157 
1335111670.25357 212 2.38871932029724 2.50246787071228 
1335111670.35375 212 2.61089897155762 2.61089897155762 
1335111670.45447 212 2.44463610649109 2.48224592208862 
1335111670.59364 212 2.55414032936096 2.49738168716431 
1335111670.73504 212 2.56195116043091 2.50501894950867 
1335111670.85547 212 2.42663550376892 2.57830023765564 
1335111670.99516 212 2.58723521232605 2.58723521232605 
1335111671.13406 212 2.45559620857239 2.74113059043884 
1335111671.29426 212 2.38871932029724 2.57830023765564 
1335111671.39393 212 2.65148997306824 2.48224592208862 
1335111671.55586 212 2.42663550376892 2.72996497154236 
1335111671.69404 212 2.44808673858643 2.50501894950867 
1335111671.79472 212 2.57305979728699 2.49738168716431 
1335111671.89443 212 2.63801455497742 2.48727083206177 
1335111672.05516 212 2.50246787071228 2.50246787071228 
1335111672.19434 212 2.66765761375427 2.66765761375427 
1335111672.33439 212 2.51270294189453 2.45559620857239 
1335111672.4536 212 2.61621642112732 2.61621642112732 
1335111672.59601 212 2.44808673858643 2.44808673858643 
1335111672.75581 212 2.60560297966003 2.60560297966003 
1335111672.89412 212 2.54038405418396 2.61621642112732 
1335111672.99381 212 2.53522086143494 2.49738168716431 
1335111673.09448 212 2.53866076469421 2.53866076469421 
1335111673.25864 212 2.50246787071228 2.69204878807068 
1335111673.39434 212 2.50501894950867 2.50501894950867 
1335111673.49404 212 2.49738168716431 2.53522086143494 
1335111673.65393 212 2.4645516872406 2.50246787071228 
1335111673.79436 212 2.50501894950867 2.56195116043091 
1335111673.95377 212 2.45954251289368 2.42170333862305 
1335111674.09419 212 2.52495670318604 2.33652710914612 
1335111674.25385 212 2.61621642112732 2.8437135219574 
1335111674.35459 212 2.42170333862305 2.53522086143494 
1335111674.49373 212 2.55414032936096 2.55414032936096 
1335111674.63412 212 2.37661862373352 2.60296320915222 
1335111674.79557 212 2.42170333862305 2.49738168716431 
1335111674.89427 212 2.49738168716431 2.83793377876282 
1335111674.9947 212 2.5309910774231 2.5309910774231 
1335111675.15536 212 2.55600118637085 2.47970271110535 
1335111675.29404 212 2.54038405418396 2.50246787071228 
1335111675.45395 212 2.4645516872406 2.4645516872406 
1335111675.59509 212 2.73274779319763 2.67581558227539 
1335111675.7543 212 2.49231600761414 2.49231600761414 
1335111675.89395 212 2.49738168716431 2.68657732009888 
1335111676.05435 212 2.50246787071228 2.57830023765564 
1335111676.19433 212 2.49738168716431 2.55414032936096 
1335111676.35708 212 2.49738168716431 2.53522086143494 
1335111676.49412 212 2.35080313682556 2.42663550376892 
1335111676.65403 212 2.50246787071228 2.54038405418396 
1335111676.79868 212 2.49738168716431 2.55414032936096 
1335111676.95387 212 2.49738168716431 2.57305979728699 
1335111677.09528 212 2.5888454914093 2.55077433586121 
1335111677.25669 212 2.50246787071228 2.57830023765564 
1335111677.39412 212 2.61888337135315 2.67581558227539 
1335111677.49482 212 2.61089897155762 2.44062304496765 
1335111677.63446 212 2.53866076469421 2.65148997306824 
1335111677.79716 212 2.45954251289368 2.49738168716431 
1335111677.95431 212 2.49738168716431 2.49738168716431 
1335111678.09698 212 2.50501894950867 2.56195116043091 
1335111678.23462 212 2.44808673858643 2.67581558227539 
1335111678.35458 212 2.50246787071228 2.4645516872406 
1335111678.49402 212 2.49738168716431 2.49738168716431 
1335111678.65569 212 2.61621642112732 2.50246787071228 
1335111678.79435 212 2.38871932029724 2.50246787071228 
1335111678.95399 212 2.54038405418396 2.654132604599 
1335111679.09749 212 2.43320465087891 2.54637694358826 
1335111679.23434 212 2.43320465087891 2.60296320915222 
1335111679.39427 212 2.4645516872406 2.38871932029724 
1335111679.55416 212 2.61621642112732 2.50246787071228 
1335111679.69385 212 2.61888337135315 2.61888337135315 
1335111679.79429 212 2.56195116043091 2.44808673858643 
1335111679.89424 212 2.60560297966003 2.49231600761414 
1335111680.05489 212 2.4645516872406 2.50246787071228 
1335111680.19433 212 2.55414032936096 2.49738168716431 
1335111680.35423 212 2.45954251289368 2.49738168716431 
1335111680.49416 212 2.57830023765564 2.654132604599 
1335111680.65731 212 2.50246787071228 2.61621642112732 
1335111680.796 212 2.49738168716431 2.49738168716431 
1335111680.95426 212 2.57305979728699 2.61089897155762 
1335111681.09557 212 2.42170333862305 2.53522086143494 
1335111681.19426 212 2.4495849609375 2.63801455497742 
1335111681.35393 212 2.4645516872406 2.4645516872406 
1335111681.49385 212 2.383864402771 2.383864402771 
1335111681.63376 212 2.50501894950867 2.50501894950867 
1335111681.75395 212 2.50246787071228 2.54038405418396 
1335111681.89414 212 2.50501894950867 2.33422207832336 
1335111682.05404 212 2.68657732009888 2.64873814582825 
1335111682.19421 212 2.51270294189453 2.47463178634644 
1335111682.29568 212 2.5455687046051 2.5455687046051 
1335111682.45447 212 2.68657732009888 2.45954251289368 
1335111682.59424 212 2.50501894950867 2.44808673858643 
1335111682.73413 212 2.56195116043091 2.56195116043091 
1335111682.89408 212 2.56784057617188 2.45455360412598 
1335111683.054 212 2.50246787071228 2.4645516872406 
1335111683.19392 212 2.67581558227539 2.50501894950867 
1335111683.2941 212 2.51270294189453 2.55077433586121 
1335111683.45401 212 2.42170333862305 2.42170333862305 
1335111683.59619 212 2.44062304496765 3.00820970535278 
1335111683.7546 212 2.49231600761414 2.41679120063782 
1335111683.89452 212 2.45455360412598 2.56784057617188 
1335111683.99447 212 2.45455360412598 2.60560297966003 
1335111684.1543 212 2.35080313682556 2.57830023765564 
1335111684.2943 212 2.84661245346069 2.67581558227539 
1335111684.43422 212 2.55414032936096 2.44062304496765 
1335111684.55415 212 2.57830023765564 2.50246787071228 
1335111684.69409 212 2.66765761375427 2.44062304496765 
1335111684.854 212 2.53522086143494 2.53522086143494 
1335111684.99442 212 2.42170333862305 2.45954251289368 
1335111685.15431 212 2.5626425743103 2.67570042610168 
1335111685.29399 212 2.49738168716431 2.66765761375427 
1335111685.45416 212 2.57305979728699 2.57305979728699 
1335111685.59458 212 2.50246787071228 2.61621642112732 
1335111685.69453 212 2.58984327316284 2.51477551460266 
1335111685.85641 212 2.61089897155762 2.53522086143494 
1335111685.99435 212 2.56195116043091 2.50501894950867 
1335111686.13425 212 2.37661862373352 2.60296320915222 
1335111686.23497 212 2.63551712036133 2.63551712036133 
1335111686.35414 212 2.5888454914093 2.51270294189453 
1335111686.49408 212 2.44062304496765 2.383864402771 
1335111686.6345 212 2.56195116043091 2.78968024253845 
1335111686.79468 212 2.45954251289368 2.57305979728699 
1335111686.89466 212 2.54637694358826 2.54637694358826 
1335111687.05402 212 2.55077433586121 2.43656039237976 
1335111687.1942 212 2.33422207832336 2.61888337135315 
1335111687.29439 212 2.57830023765564 2.69204878807068 
1335111687.45404 212 2.57830023765564 2.4645516872406 
1335111687.55572 212 2.59507536888123 2.63268518447876 
1335111687.69442 212 2.50501894950867 2.44808673858643 
1335111687.79461 212 2.61888337135315 2.50501894950867 
1335111687.93451 212 2.51270294189453 2.62691688537598 
1335111688.0542 212 2.54038405418396 2.42663550376892 
1335111688.19439 212 2.49738168716431 2.55414032936096 
1335111688.35455 212 2.45954251289368 2.42170333862305 
1335111688.49447 212 2.47463178634644 2.62691688537598 
1335111688.65587 212 2.61621642112732 2.4645516872406 
1335111688.79455 212 2.383864402771 2.49738168716431 
1335111688.93471 212 2.61089897155762 2.44062304496765 
1335111689.09467 212 2.61089897155762 2.61089897155762 
1335111689.25903 212 2.53522086143494 2.45954251289368 
1335111689.354 212 2.45954251289368 2.30818605422974 
1335111689.49418 212 2.55414032936096 2.61089897155762 
1335111689.65433 212 2.50246787071228 2.57830023765564 
1335111689.75451 212 2.56651973724365 2.6814386844635 
1335111689.89545 212 2.50501894950867 2.50501894950867 
1335111690.03412 212 2.49738168716431 2.61089897155762 
1335111690.13478 212 2.48979091644287 2.54637694358826 
1335111690.25449 212 2.4645516872406 2.50246787071228 
1335111690.3964 212 2.61888337135315 2.56195116043091 
1335111690.49411 212 2.49738168716431 2.55414032936096 
1335111690.63452 212 2.50501894950867 2.61888337135315 
1335111690.79521 212 2.57305979728699 2.49738168716431 
1335111690.95434 212 2.53522086143494 2.42170333862305 
1335111691.09479 212 2.59507536888123 2.48224592208862 
1335111691.23443 212 2.55414032936096 2.44062304496765 
1335111691.39464 212 2.50246787071228 2.57830023765564 
1335111691.55453 212 2.61621642112732 2.54038405418396 
1335111691.6967 212 2.44808673858643 2.61888337135315 
1335111691.79591 212 2.32234668731689 2.47463178634644 
1335111691.95781 212 2.57305979728699 2.64873814582825 
1335111692.09595 212 2.55414032936096 2.61089897155762 
1335111692.25814 212 2.69204878807068 2.57830023765564 
1335111692.39508 212 2.5309910774231 2.5309910774231 
1335111692.53599 212 2.50501894950867 2.50501894950867 
1335111692.65465 212 2.5455687046051 2.50757503509521 
1335111692.79435 212 2.49738168716431 2.61089897155762 
1335111692.93474 212 2.49738168716431 2.55414032936096 
1335111693.09471 212 2.42170333862305 2.49738168716431 
1335111693.25632 212 2.50246787071228 2.54038405418396 
1335111693.39426 212 2.61888337135315 2.44808673858643 
1335111693.49446 212 2.55414032936096 2.44062304496765 
1335111693.63442 212 2.72441625595093 2.72441625595093 
1335111693.7543 212 2.5888454914093 2.36041808128357 
1335111693.89748 212 2.56195116043091 2.56195116043091 
1335111694.05539 212 2.53522086143494 2.45954251289368 
1335111694.19431 212 2.50246787071228 2.42663550376892 
1335111694.29578 212 2.43158793449402 2.6215558052063 
1335111694.45512 212 2.49738168716431 2.64873814582825 
1335111694.59485 212 2.56195116043091 2.67581558227539 
1335111694.73449 212 2.44808673858643 2.50501894950867 
1335111694.89441 212 2.61089897155762 2.57305979728699 
1335111694.99459 212 2.49738168716431 2.66765761375427 
1335111695.09632 212 2.47474670410156 2.5309910774231 
1335111695.23471 212 2.70790481567383 2.48224592208862 
1335111695.39468 212 2.57830023765564 2.42663550376892 
1335111695.55429 212 2.654132604599 2.2749707698822 
1335111695.69424 212 2.67581558227539 2.44808673858643 
1335111695.79444 212 2.50501894950867 2.27728986740112 
1335111695.89464 212 2.11041164398193 2.07272577285767 
1335111696.05452 212 1.89967811107635 1.97566521167755 
1335111696.19446 212 1.47572553157806 1.53248417377472 
1335111696.29597 212 1.32582867145538 1.49155735969543 
