1335093108.42281 212 0 -0.0073053790256381 
1335093108.55966 212 -6.20083045959473 6.25824546813965 
1335093108.7203 212 -5.14350605010986 5.06786632537842 
1335093108.85899 212 -2.89690041542053 5.28258323669434 
1335093109.01889 212 -0.0756782293319702 5.71370649337769 
1335093109.15881 212 -0.228427544236183 5.10154867172241 
1335093109.29876 212 0.113603934645653 4.77136516571045 
1335093109.41894 212 0.490165024995804 3.9967303276062 
1335093109.55886 212 1.54544138908386 3.54879140853882 
1335093109.70076 212 2.49168419837952 2.60494256019592 
1335093109.85867 212 1.89195585250854 3.02712917327881 
1335093110.01913 212 2.234778881073 2.84082078933716 
1335093110.15878 212 2.33065843582153 2.95595717430115 
1335093110.30118 212 2.16012239456177 3.01280236244202 
1335093110.46083 212 2.30818605422974 2.61089897155762 
1335093110.61902 212 2.68657732009888 2.61089897155762 
1335093110.7592 212 2.21527671813965 2.6696925163269 
1335093110.85913 212 2.42540073394775 2.84226632118225 
1335093110.99906 212 2.72857570648193 2.33065843582153 
1335093111.11925 212 2.64470648765564 2.30467295646667 
1335093111.25892 212 2.55999398231506 2.61688280105591 
1335093111.35985 212 2.38932776451111 2.67377138137817 
1335093111.49903 212 2.38750386238098 2.67173051834106 
1335093111.66077 212 2.37181234359741 3.01182532310486 
1335093111.82111 212 2.65819311141968 2.35439968109131 
1335093111.91879 212 2.53779983520508 2.46204471588135 
1335093112.05896 212 2.66908168792725 2.36404371261597 
1335093112.19914 212 2.53673887252808 2.42399501800537 
1335093112.31908 212 2.61222624778748 2.53650975227356 
1335093112.46 212 2.50310516357422 2.50310516357422 
1335093112.55894 212 2.5011944770813 2.57698822021484 
1335093112.69911 212 2.55219507217407 2.4387640953064 
1335093112.81942 212 2.49992227554321 2.61355495452881 
1335093112.9195 212 2.48727083206177 2.52495670318604 
1335093113.05918 212 2.44621634483337 2.55999398231506 
1335093113.1591 212 2.5011944770813 2.53909134864807 
1335093113.25879 212 2.91657590866089 2.27265667915344 
1335093113.41872 212 2.4241669178009 2.57567739486694 
1335093113.51968 212 2.4495849609375 2.48727083206177 
1335093113.65909 212 2.50310516357422 2.55999398231506 
1335093113.75902 212 2.38750386238098 2.46329760551453 
1335093113.89896 212 2.67377138137817 2.44621634483337 
1335093114.02038 212 2.46329760551453 2.65278196334839 
1335093114.15881 212 2.33065843582153 2.61488509178162 
1335093114.25899 212 2.49547958374023 2.66562604904175 
1335093114.39868 212 2.55803966522217 2.61488509178162 
1335093114.49912 212 2.3395881652832 2.68196702003479 
1335093114.6193 212 2.49992227554321 2.57567739486694 
1335093114.71923 212 2.42293453216553 2.46079301834106 
1335093114.86017 212 2.61355495452881 2.46204471588135 
1335093114.99934 212 2.26689124107361 2.66359734535217 
1335093115.14202 212 2.72857570648193 2.38750386238098 
1335093115.2592 212 2.61289048194885 2.44248461723328 
1335093115.39961 212 2.5560884475708 2.49928665161133 
1335093115.55901 212 2.234778881073 2.72718787193298 
1335093115.65922 212 2.51731300354004 2.59245681762695 
1335093115.81912 212 2.49992227554321 2.49992227554321 
1335093115.96106 212 2.49738168716431 2.61089897155762 
1335093116.09923 212 2.32888078689575 2.6696925163269 
1335093116.19942 212 2.47101402282715 2.75181126594543 
1335093116.31887 212 2.45954251289368 2.53522086143494 
1335093116.45929 212 2.44621634483337 2.27555012702942 
1335093116.59943 212 2.55999398231506 2.73066020011902 
1335093116.76084 212 2.61222624778748 2.42293453216553 
1335093116.91928 212 2.45579886436462 2.56914353370667 
1335093117.05946 212 2.44621634483337 2.61688280105591 
1335093117.16089 212 2.16012239456177 2.91806030273438 
1335093117.29957 212 2.61089897155762 2.55414032936096 
1335093117.41899 212 2.68931031227112 2.34841179847717 
1335093117.55892 212 2.56391143798828 2.39298391342163 
1335093117.6991 212 2.55025267601013 2.49358034133911 
1335093117.85899 212 2.42170333862305 2.72441625595093 
1335093117.99893 212 2.67377138137817 2.38932776451111 
1335093118.11912 212 2.61488509178162 2.46329760551453 
1335093118.25955 212 2.55803966522217 2.78542113304138 
1335093118.35947 212 2.33062982559204 2.59376549720764 
1335093118.49891 212 2.50310516357422 2.44621634483337 
1335093118.61908 212 2.234778881073 2.84082078933716 
1335093118.75901 212 2.61488509178162 2.38750386238098 
1335093118.85921 212 2.49738168716431 2.61089897155762 
1335093119.00434 212 2.50310516357422 2.50310516357422 
1335093119.15929 212 2.19578456878662 2.87723469734192 
1335093119.31893 212 2.9136118888855 2.45954251289368 
1335093119.45911 212 2.49547958374023 2.49547958374023 
1335093119.59879 212 2.50501894950867 2.67581558227539 
1335093119.7592 212 2.46204471588135 2.31053423881531 
1335093119.91935 212 2.34960699081421 2.53909134864807 
1335093120.05927 212 2.78754901885986 2.50310516357422 
1335093120.1997 212 2.53290414810181 2.47661733627319 
1335093120.35912 212 2.57044768333435 2.41924476623535 
1335093120.52029 212 2.14159464836121 2.96817517280579 
1335093120.65919 212 2.72857570648193 2.38750386238098 
1335093120.79938 212 2.55999398231506 2.50310516357422 
1335093120.91941 212 2.52623510360718 2.56394028663635 
1335093121.05923 212 2.38932776451111 2.50310516357422 
1335093121.1992 212 2.66562604904175 2.4387640953064 
1335093121.35955 212 2.31171011924744 2.80436944961548 
1335093121.45948 212 2.54816865921021 2.4721040725708 
1335093121.61947 212 2.65143275260925 2.57567739486694 
1335093121.7191 212 2.61222624778748 2.42293453216553 
1335093121.85928 212 2.50246787071228 2.54038405418396 
1335093121.99947 212 2.84661245346069 2.27728986740112 
1335093122.11915 212 2.38144421577454 2.53264689445496 
1335093122.25906 212 2.67173051834106 2.67173051834106 
1335093122.35952 212 2.46729278564453 2.41121792793274 
1335093122.50116 212 2.61888337135315 2.50501894950867 
1335093122.59964 212 2.383864402771 2.78117489814758 
1335093122.72057 212 2.53779983520508 2.53779983520508 
1335093122.85923 212 2.44062304496765 2.55414032936096 
1335093123.00168 212 2.49738168716431 2.55414032936096 
1335093123.15905 212 2.38628935813904 2.65143275260925 
1335093123.31998 212 2.57436800003052 2.57436800003052 
1335093123.4604 212 2.60692501068115 2.49358034133911 
1335093123.59931 212 2.38750386238098 2.84226632118225 
1335093123.75972 212 2.08326840400696 2.87869834899902 
1335093123.9209 212 2.53779983520508 2.57567739486694 
1335093124.02309 212 2.65143275260925 2.38628935813904 
1335093124.15951 212 2.49738168716431 2.53522086143494 
1335093124.29947 212 2.61688280105591 2.44621634483337 
1335093124.46035 212 2.42170333862305 2.57305979728699 
1335093124.61924 212 2.49865126609802 2.68794298171997 
1335093124.75967 212 2.654132604599 2.50246787071228 
1335093124.85936 212 2.72580146789551 2.19578456878662 
1335093124.9598 212 2.49992227554321 2.76506543159485 
1335093125.11899 212 2.49865126609802 2.53650975227356 
1335093125.26016 212 2.67377138137817 2.55999398231506 
1335093125.35959 212 2.80436944961548 2.34960699081421 
1335093125.49928 212 2.33065843582153 2.67173051834106 
1335093125.61922 212 2.65143275260925 2.76506543159485 
1335093125.72017 212 2.45829343795776 2.57175302505493 
1335093125.82208 212 2.6649112701416 2.40217351913452 
1335093125.95951 212 2.36283397674561 2.6296055316925 
1335093126.10045 212 2.61688280105591 2.38932776451111 
1335093126.21962 212 2.49992227554321 2.46204471588135 
1335093126.35929 212 2.59704279899597 2.4276704788208 
1335093126.49923 212 2.84009838104248 2.44248461723328 
1335093126.66086 212 2.5011944770813 2.46329760551453 
1335093126.82104 212 2.57830023765564 2.4645516872406 
1335093126.95921 212 2.61688280105591 2.33243894577026 
1335093127.05916 212 2.55219507217407 2.4387640953064 
1335093127.1991 212 2.55803966522217 2.67173051834106 
1335093127.30527 212 2.38568258285522 2.61289048194885 
1335093127.41895 212 2.77920174598694 2.32234668731689 
1335093127.51992 212 2.53136205673218 2.45579886436462 
1335093127.66058 212 2.78329634666443 2.49928665161133 
1335093127.79969 212 2.55803966522217 2.27381324768066 
1335093127.9594 212 2.19578456878662 2.00649261474609 
1335093128.11959 212 1.70362591743469 1.66576755046844 
1335093128.2195 212 1.44008159637451 1.40218472480774 
1335093128.35967 212 1.85889613628387 0.78073638677597 
1335093128.49937 212 -8.03523445129395 7.58254480361938 
1335093128.65927 212 -6.99668121337891 7.26142072677612 
1335093128.82 212 -6.17405033111572 5.87102937698364 
1335093128.91965 212 -4.53608417510986 4.76288843154907 
1335093129.05977 212 -0.683186948299408 6.31947946548462 
1335093129.16425 212 -0.0570631250739098 5.59218645095825 
1335093129.31963 212 -0.15135645866394 5.33531522750854 
1335093129.46082 212 0.0567586719989777 4.65421104431152 
1335093129.61997 212 0.0378776080906391 4.469557762146 
1335093129.7594 212 0.113748542964458 3.98119902610779 
1335093129.8996 212 1.30844140052795 3.69776916503906 
1335093130.02088 212 1.45010936260223 3.58262300491333 
1335093130.15943 212 1.98806893825531 2.95370244979858 
1335093130.2991 212 2.04643177986145 3.06964778900146 
1335093130.4625 212 2.1557343006134 2.83649230003357 
1335093130.62068 212 2.38628935813904 2.72718787193298 
1335093130.75985 212 2.27381324768066 2.78542113304138 
1335093130.8998 212 2.30950260162354 2.87279605865479 
1335093131.05946 212 2.5626425743103 2.4495849609375 
1335093131.21985 212 2.35908102989197 2.64330768585205 
1335093131.31953 212 2.49738168716431 2.68657732009888 
1335093131.45971 212 2.77905678749084 2.4387640953064 
1335093131.60014 212 2.61688280105591 2.27555012702942 
1335093131.69934 212 2.50693559646606 2.62088704109192 
1335093131.81952 212 2.68931031227112 2.49992227554321 
1335093131.9612 212 2.383864402771 2.78117489814758 
1335093132.10036 212 2.38568258285522 2.6696925163269 
1335093132.25926 212 2.53650975227356 2.57436800003052 
1335093132.4197 212 2.53393316268921 2.45829343795776 
1335093132.52062 212 2.47849082946777 2.666255235672 
1335093132.6593 212 2.76788115501404 2.31288695335388 
1335093132.79972 212 2.38568258285522 2.61289048194885 
1335093132.91968 212 2.53393316268921 2.7230327129364 
1335093133.05983 212 2.50310516357422 2.44621634483337 
1335093133.1995 212 2.42399501800537 2.64948296546936 
1335093133.35989 212 2.53779983520508 2.49992227554321 
1335093133.45935 212 2.73972988128662 2.16895270347595 
1335093133.5608 212 2.48979091644287 2.71613550186157 
1335093133.71945 212 2.68521285057068 2.60957288742065 
1335093133.85963 212 2.38750386238098 2.57698822021484 
1335093133.95981 212 2.57436800003052 2.72580146789551 
1335093134.11974 212 2.53909134864807 2.5011944770813 
1335093134.25991 212 2.8991117477417 2.44434905052185 
1335093134.35987 212 2.53673887252808 2.53673887252808 
1335093134.49929 212 2.55999398231506 2.44621634483337 
1335093134.65924 212 2.46329760551453 2.53909134864807 
1335093134.81985 212 2.46204471588135 2.65143275260925 
1335093134.96003 212 2.55999398231506 2.67377138137817 
1335093135.05996 212 2.52495670318604 2.4495849609375 
1335093135.19989 212 2.50310516357422 2.50310516357422 
1335093135.32058 212 2.57305979728699 2.45954251289368 
1335093135.45976 212 2.49547958374023 2.4387640953064 
1335093135.60366 212 2.70995783805847 2.54058527946472 
1335093135.76031 212 2.50757503509521 2.58356213569641 
1335093135.91975 212 2.49992227554321 2.53779983520508 
1335093136.05916 212 2.50310516357422 2.55999398231506 
1335093136.15935 212 2.44434905052185 2.61488509178162 
1335093136.29992 212 2.55999398231506 2.67377138137817 
1335093136.45989 212 2.64873814582825 2.45954251289368 
1335093136.6231 212 2.53779983520508 2.57567739486694 
1335093136.75954 212 2.77483010292053 2.37842583656311 
1335093136.90243 212 2.50310516357422 2.50310516357422 
1335093137.06037 212 2.62870216369629 2.47849082946777 
1335093137.21954 212 2.49865126609802 2.49865126609802 
1335093137.35945 212 2.61888337135315 2.50501894950867 
1335093137.45938 212 1.96963572502136 3.06808638572693 
1335093137.60007 212 2.60296320915222 2.60296320915222 
1335093137.7195 212 2.57305979728699 2.45954251289368 
1335093137.81996 212 2.57044768333435 2.38144421577454 
1335093137.91987 212 2.68384981155396 2.53264689445496 
1335093138.06131 212 2.54038405418396 2.54038405418396 
1335093138.19924 212 2.5011944770813 2.61488509178162 
1335093138.35939 212 2.45954251289368 2.53522086143494 
1335093138.52004 212 2.5626425743103 2.41189885139465 
1335093138.65923 212 2.5011944770813 2.55803966522217 
1335093138.7999 212 2.44434905052185 2.5011944770813 
1335093138.95957 212 2.4645516872406 2.57830023765564 
1335093139.0605 212 2.64747881889343 2.47849082946777 
1335093139.22015 212 2.57567739486694 2.53779983520508 
1335093139.35982 212 2.4241669178009 2.49992227554321 
1335093139.46101 212 2.57305979728699 2.53522086143494 
1335093139.61944 212 2.53779983520508 2.57567739486694 
1335093139.76011 212 2.95595717430115 2.27381324768066 
1335093139.89928 212 2.55414032936096 2.55414032936096 
1335093140.05968 212 2.46204471588135 2.53779983520508 
1335093140.21986 212 2.46204471588135 2.53779983520508 
1335093140.35928 212 2.55803966522217 2.5011944770813 
1335093140.46073 212 2.61488509178162 2.5011944770813 
1335093140.55941 212 2.49992227554321 2.49992227554321 
1335093140.69961 212 2.5011944770813 2.55803966522217 
1335093140.81979 212 2.61089897155762 2.49738168716431 
1335093140.91949 212 2.60560297966003 2.49231600761414 
1335093141.05991 212 2.36225819587708 2.58723521232605 
1335093141.20131 212 2.55803966522217 2.44434905052185 
1335093141.35948 212 2.65143275260925 2.53779983520508 
1335093141.51991 212 2.69809341430664 2.5560884475708 
1335093141.65932 212 2.50501894950867 2.73274779319763 
1335093141.7595 212 2.50246787071228 2.57830023765564 
1335093141.89943 212 2.61888337135315 2.50501894950867 
1335093142.06083 212 2.68657732009888 2.42170333862305 
1335093142.21974 212 2.57567739486694 2.4241669178009 
1335093142.35991 212 2.61488509178162 2.38750386238098 
1335093142.4601 212 2.64873814582825 2.45954251289368 
1335093142.62149 212 2.53779983520508 2.68931031227112 
1335093142.75945 212 2.61089897155762 2.55414032936096 
1335093142.89991 212 2.55414032936096 2.44062304496765 
1335093143.05952 212 2.45704555511475 2.53264689445496 
1335093143.20147 212 2.72857570648193 2.5011944770813 
1335093143.31939 212 2.68657732009888 2.49738168716431 
1335093143.46007 212 2.49738168716431 2.49738168716431 
1335093143.60023 212 2.48601269721985 2.65551352500916 
1335093143.76019 212 2.95445346832275 2.08326840400696 
1335093143.91981 212 2.4241669178009 2.57567739486694 
1335093144.05998 212 2.5011944770813 2.5011944770813 
1335093144.19965 212 2.21358823776245 2.83793377876282 
1335093144.3598 212 2.95145106315613 2.23250794410706 
1335093144.52024 212 2.34602522850037 2.72441625595093 
1335093144.6594 212 2.67173051834106 2.38750386238098 
1335093144.7601 212 2.383864402771 2.66765761375427 
1335093144.89952 212 2.5011944770813 2.55803966522217 
1335093145.06054 212 2.47974109649658 2.63002848625183 
1335093145.22113 212 2.61089897155762 2.42170333862305 
1335093145.32002 212 2.30818605422974 2.72441625595093 
1335093145.45945 212 2.70305919647217 2.47463178634644 
1335093145.60213 212 2.54251289367676 2.42951250076294 
1335093145.71956 212 2.68931031227112 2.49992227554321 
1335093145.81976 212 2.68931031227112 2.49992227554321 
1335093145.95969 212 2.56980991363525 2.45559620857239 
1335093146.05986 212 2.65143275260925 2.4241669178009 
1335093146.20005 212 2.5011944770813 2.55803966522217 
1335093146.32132 212 2.54038405418396 2.4645516872406 
1335093146.46065 212 2.57044768333435 2.53264689445496 
1335093146.59983 212 2.78117489814758 2.55414032936096 
1335093146.75996 212 2.53779983520508 2.49992227554321 
1335093146.91991 212 2.49992227554321 2.4241669178009 
1335093147.05966 212 2.43320465087891 2.54637694358826 
1335093147.20001 212 2.60692501068115 2.26689124107361 
1335093147.35964 212 2.76506543159485 2.46204471588135 
1335093147.45966 212 2.45954251289368 2.53522086143494 
1335093147.61953 212 2.57567739486694 2.53779983520508 
1335093147.75969 212 2.49738168716431 2.55414032936096 
1335093147.90009 212 2.61488509178162 2.38750386238098 
1335093148.05953 212 2.53779983520508 2.61355495452881 
1335093148.21968 212 2.57567739486694 2.49992227554321 
1335093148.32086 212 2.45954251289368 2.64873814582825 
1335093148.45955 212 2.65683817863464 2.35319948196411 
1335093148.59978 212 2.56195116043091 2.50501894950867 
1335093148.76072 212 2.53779983520508 2.53779983520508 
1335093148.92105 212 2.53264689445496 2.68384981155396 
1335093149.06171 212 2.64347958564758 2.41850256919861 
1335093149.19989 212 2.44434905052185 2.61488509178162 
1335093149.30108 212 2.49738168716431 2.72441625595093 
1335093149.41951 212 2.68931031227112 2.234778881073 
1335093149.52096 212 2.19690132141113 2.80294299125671 
1335093149.66062 212 2.90354466438293 2.22035765647888 
1335093149.7998 212 2.44434905052185 2.5011944770813 
1335093149.95996 212 2.91657590866089 2.31053423881531 
1335093150.06191 212 2.1568295955658 2.78117489814758 
1335093150.2198 212 2.35080313682556 2.61621642112732 
1335093150.36023 212 2.4241669178009 2.49992227554321 
1335093150.45992 212 2.53522086143494 2.61089897155762 
1335093150.62035 212 2.46204471588135 2.57567739486694 
1335093150.76002 212 2.66765761375427 2.49738168716431 
1335093150.86122 212 2.41189885139465 2.5626425743103 
1335093151.00061 212 2.38750386238098 2.61488509178162 
1335093151.15955 212 2.49992227554321 2.53779983520508 
1335093151.32394 212 2.64873814582825 2.42170333862305 
1335093151.45986 212 2.55025267601013 2.49358034133911 
1335093151.61981 212 2.65143275260925 2.53779983520508 
1335093151.76023 212 2.69159197807312 2.41121792793274 
1335093151.90032 212 2.67581558227539 2.27728986740112 
1335093152.00008 212 2.5011944770813 2.61488509178162 
1335093152.12001 212 2.46204471588135 2.53779983520508 
1335093152.2202 212 2.87577271461487 2.23250794410706 
1335093152.35963 212 2.44808673858643 2.67581558227539 
1335093152.46031 212 2.60560297966003 2.30350422859192 
1335093152.59979 212 2.56195116043091 2.61888337135315 
1335093152.71968 212 2.31053423881531 2.68931031227112 
1335093152.85986 212 2.54637694358826 2.43320465087891 
1335093153.00226 212 2.44808673858643 2.50501894950867 
1335093153.15995 212 2.57567739486694 2.46204471588135 
1335093153.31987 212 2.45954251289368 2.72441625595093 
1335093153.46004 212 2.61089897155762 2.32710552215576 
1335093153.60219 212 2.5309910774231 2.64347958564758 
1335093153.75961 212 2.61355495452881 2.4241669178009 
1335093153.92053 212 2.43690824508667 2.60692501068115 
1335093154.0612 212 2.55803966522217 2.38750386238098 
1335093154.20009 212 2.61488509178162 2.5011944770813 
1335093154.30005 212 2.55414032936096 2.55414032936096 
1335093154.46071 212 2.76225543022156 2.27034687995911 
1335093154.62011 212 2.68657732009888 2.53522086143494 
1335093154.76055 212 2.49738168716431 2.61089897155762 
1335093154.86048 212 2.38871932029724 2.61621642112732 
1335093155.01976 212 2.50246787071228 2.50246787071228 
1335093155.15983 212 2.44808673858643 2.61888337135315 
1335093155.26004 212 2.35583543777466 2.35583543777466 
1335093155.40019 212 2.44808673858643 2.56195116043091 
1335093155.50016 212 2.56195116043091 2.61888337135315 
1335093155.64081 212 2.72026968002319 2.55025267601013 
1335093155.76075 212 2.58333301544189 2.41485476493835 
1335093155.90017 212 2.84226632118225 2.21696782112122 
1335093156.06031 212 2.49992227554321 2.57567739486694 
1335093156.21999 212 2.65143275260925 2.38628935813904 
1335093156.32044 212 2.34602522850037 2.57305979728699 
1335093156.46036 212 2.55803966522217 2.61488509178162 
1335093156.55979 212 2.34841179847717 2.61355495452881 
1335093156.69972 212 2.5011944770813 2.67173051834106 
1335093156.82107 212 2.654132604599 2.4645516872406 
1335093156.92036 212 2.91065382957458 2.11683917045593 
1335093157.05977 212 2.49738168716431 2.45954251289368 
1335093157.2012 212 2.44808673858643 2.61888337135315 
1335093157.29965 212 2.383864402771 2.78117489814758 
1335093157.42083 212 2.46204471588135 2.57567739486694 
1335093157.52026 212 2.48727083206177 2.63801455497742 
1335093157.65994 212 2.44808673858643 2.61888337135315 
1335093157.80064 212 2.44434905052185 2.5011944770813 
1335093157.96003 212 1.96963572502136 1.81812524795532 
1335093158.05997 212 2.83793377876282 2.95145106315613 
1335093158.20017 212 1.87303626537323 2.83793377876282 
1335093158.36279 212 2.19690132141113 2.87869834899902 
1335093158.46072 212 2.76506543159485 2.27265667915344 
1335093158.62019 212 2.61089897155762 2.53522086143494 
1335093158.75985 212 2.61089897155762 2.383864402771 
1335093158.89999 212 2.56195116043091 2.56195116043091 
1335093159.06192 212 2.67841124534607 2.48979091644287 
1335093159.22042 212 2.43320465087891 2.63125610351562 
1335093159.361 212 2.79395222663879 2.22375798225403 
1335093159.49993 212 2.50501894950867 2.44808673858643 
1335093159.65985 212 2.60824823379517 2.49484634399414 
1335093159.76153 212 2.76013731956482 2.47849082946777 
1335093159.92018 212 2.42663550376892 2.54038405418396 
1335093160.05985 212 2.4241669178009 2.65143275260925 
1335093160.20029 212 2.72441625595093 2.49738168716431 
1335093160.32023 212 2.54038405418396 2.57830023765564 
1335093160.45989 212 2.55414032936096 2.61089897155762 
1335093160.60032 212 3.06496834754944 2.21358823776245 
1335093160.76022 212 2.4241669178009 2.49992227554321 
1335093160.85994 212 2.65143275260925 2.46204471588135 
1335093161.02008 212 2.38871932029724 2.54038405418396 
1335093161.16027 212 2.39115428924561 2.50501894950867 
1335093161.30015 212 2.38750386238098 2.8991117477417 
1335093161.39987 212 2.383864402771 2.66765761375427 
1335093161.52057 212 2.34841179847717 2.68931031227112 
1335093161.66023 212 2.1064932346344 2.96047687530518 
1335093161.76067 212 2.21021914482117 2.83361411094666 
1335093161.90035 212 2.39115428924561 2.61888337135315 
1335093162.06029 212 2.83793377876282 2.27034687995911 
1335093162.21992 212 2.57567739486694 2.4241669178009 
1335093162.32137 212 2.61355495452881 2.46204471588135 
1335093162.46029 212 2.69972372055054 2.41850256919861 
1335093162.59996 212 2.61488509178162 2.38750386238098 
1335093162.70015 212 2.61089897155762 2.383864402771 
1335093162.82008 212 2.61355495452881 2.49992227554321 
1335093162.96026 212 2.55803966522217 2.72857570648193 
1335093163.06045 212 2.55414032936096 2.383864402771 
1335093163.20077 212 2.54251289367676 2.59901332855225 
1335093163.36078 212 2.08326840400696 2.84082078933716 
1335093163.46024 212 2.49738168716431 2.55414032936096 
1335093163.62013 212 3.25747442245483 2.19690132141113 
1335093163.7608 212 2.3694167137146 2.63268518447876 
1335093163.9005 212 2.5011944770813 2.44434905052185 
1335093164.01992 212 2.8437135219574 2.654132604599 
1335093164.16034 212 2.50501894950867 2.56195116043091 
1335093164.30101 212 2.40759205818176 2.68754458427429 
1335093164.46016 212 2.45954251289368 2.68657732009888 
1335093164.62033 212 2.08326840400696 3.10596394538879 
1335093164.76001 212 2.32710552215576 2.78117489814758 
1335093164.89996 212 2.27034687995911 2.66765761375427 
1335093165.06157 212 2.57044768333435 2.41924476623535 
1335093165.22028 212 2.61621642112732 2.35080313682556 
1335093165.32023 212 2.27034687995911 2.80009460449219 
1335093165.46013 212 2.21358823776245 2.72441625595093 
1335093165.60254 212 2.49738168716431 2.78117489814758 
1335093165.76023 212 2.34841179847717 2.53779983520508 
1335093165.92137 212 2.52751493453979 2.7538595199585 
1335093166.0603 212 2.04643177986145 2.21696782112122 
1335093166.2002 212 1.70016849040985 2.21021914482117 
1335093166.36012 212 1.13632833957672 2.04539084434509 
1335093166.52055 212 0.906066954135895 1.86876308917999 
1335093166.66045 212 2.8991117477417 -2.1032772064209 
1335093166.76038 212 5.87102937698364 -5.49225330352783 
1335093166.92032 212 5.07044172286987 -4.84340667724609 
1335093167.06176 212 5.10828065872192 -2.66765761375427 
1335093167.22212 212 5.07559967041016 -0.0757552161812782 
1335093167.32056 212 4.38488149642944 0.491409093141556 
1335093167.46051 212 3.80283117294312 1.1919322013855 
1335093167.62167 212 3.56049537658691 1.59085965156555 
1335093167.76034 212 3.81013441085815 1.32034361362457 
1335093167.90577 212 3.46756505966187 1.81905055046082 
1335093168.00022 212 3.06964778900146 1.81905055046082 
1335093168.12015 212 3.1817193031311 1.81812524795532 
1335093168.26381 212 2.67173051834106 2.44434905052185 
1335093168.40348 212 2.53482007980347 2.4221613407135 
1335093168.56028 212 2.76225543022156 2.383864402771 
1335093168.72031 212 2.68931031227112 2.34841179847717 
1335093168.86074 212 2.72857570648193 2.33065843582153 
1335093169.0004 212 2.55803966522217 2.38750386238098 
1335093169.16055 212 2.65143275260925 2.4241669178009 
1335093169.32024 212 2.69204878807068 2.54038405418396 
1335093169.46046 212 2.33065843582153 2.72857570648193 
1335093169.60159 212 2.55025267601013 2.49358034133911 
1335093169.75998 212 2.50246787071228 2.57830023765564 
1335093169.90117 212 2.33065843582153 2.21696782112122 
1335093170.04034 212 2.55414032936096 2.32710552215576 
1335093170.16027 212 2.61488509178162 2.5011944770813 
1335093170.26047 212 2.44062304496765 2.49738168716431 
1335093170.40037 212 2.55025267601013 2.55025267601013 
1335093170.56276 212 2.65143275260925 2.4241669178009 
1335093170.72024 212 2.38628935813904 2.76506543159485 
1335093170.82138 212 2.68657732009888 2.383864402771 
1335093170.96056 212 2.57830023765564 2.61621642112732 
1335093171.061 212 2.31760716438293 2.6975429058075 
1335093171.20021 212 2.67581558227539 2.44808673858643 
1335093171.32113 212 2.45704555511475 2.68384981155396 
1335093171.46079 212 2.43690824508667 2.55025267601013 
1335093171.60046 212 2.67173051834106 2.44434905052185 
1335093171.76011 212 2.61355495452881 2.38628935813904 
1335093171.92004 212 2.53779983520508 2.4241669178009 
1335093172.06071 212 2.50501894950867 2.56195116043091 
1335093172.20016 212 2.89469242095947 2.72441625595093 
1335093172.30058 212 2.48979091644287 2.60296320915222 
1335093172.46063 212 2.57567739486694 2.57567739486694 
1335093172.62117 212 2.53154969215393 2.64532709121704 
1335093172.76058 212 2.44062304496765 2.61089897155762 
1335093172.90072 212 2.67581558227539 2.44808673858643 
1335093173.06016 212 2.57044768333435 2.45704555511475 
1335093173.22057 212 2.7001531124115 2.33065843582153 
1335093173.36075 212 2.39115428924561 2.56195116043091 
1335093173.46018 212 2.38628935813904 2.72718787193298 
1335093173.60061 212 2.61089897155762 2.49738168716431 
1335093173.72029 212 2.38628935813904 2.46204471588135 
1335093173.8205 212 2.64873814582825 2.49738168716431 
1335093173.92267 212 2.52495670318604 2.48727083206177 
1335093174.06084 212 2.4241669178009 2.76506543159485 
1335093174.20053 212 2.5011944770813 2.61488509178162 
1335093174.36169 212 2.61089897155762 2.49738168716431 
1335093174.46063 212 2.41850256919861 2.47474670410156 
1335093174.60006 212 2.72857570648193 2.38750386238098 
1335093174.7602 212 2.54038405418396 2.54038405418396 
1335093174.86067 212 2.42170333862305 2.49738168716431 
1335093175.02059 212 2.57830023765564 2.4645516872406 
1335093175.12175 212 2.77070283889771 2.31524467468262 
1335093175.26019 212 2.38871932029724 2.57830023765564 
1335093175.40036 212 2.67581558227539 2.39115428924561 
1335093175.50056 212 2.61888337135315 2.56195116043091 
1335093175.62026 212 2.49738168716431 2.61089897155762 
1335093175.76067 212 2.67173051834106 2.5011944770813 
1335093175.90032 212 2.5011944770813 2.5011944770813 
1335093176.00031 212 2.38750386238098 2.5011944770813 
1335093176.16043 212 2.65143275260925 2.46204471588135 
1335093176.32034 212 2.57567739486694 2.61355495452881 
1335093176.46053 212 2.44434905052185 2.61488509178162 
1335093176.56021 212 2.4241669178009 2.53779983520508 
1335093176.70014 212 2.61488509178162 2.38750386238098 
1335093176.82032 212 2.57771706581116 2.46315169334412 
1335093176.9215 212 2.79725193977356 2.30584263801575 
1335093177.06019 212 2.49738168716431 2.49738168716431 
1335093177.20062 212 2.55803966522217 2.61488509178162 
1335093177.30209 212 2.44062304496765 2.72441625595093 
1335093177.42049 212 2.46204471588135 2.53779983520508 
1335093177.52095 212 2.37421298027039 2.37421298027039 
1335093177.66035 212 2.73274779319763 2.61888337135315 
1335093177.80002 212 2.67173051834106 2.55803966522217 
1335093177.90122 212 2.55803966522217 2.38750386238098 
1335093178.02041 212 2.57305979728699 2.61089897155762 
1335093178.16033 212 2.55803966522217 2.5011944770813 
1335093178.30075 212 2.5011944770813 2.78542113304138 
1335093178.46114 212 2.48224592208862 2.51985573768616 
1335093178.6206 212 2.50246787071228 2.57830023765564 
1335093178.7605 212 2.66765761375427 2.55414032936096 
1335093178.90069 212 2.38750386238098 2.55803966522217 
1335093179.00062 212 2.53482007980347 2.70380806922913 
1335093179.16052 212 2.57567739486694 2.49992227554321 
1335093179.32094 212 2.53522086143494 2.53522086143494 
1335093179.46037 212 2.60692501068115 2.49358034133911 
1335093179.60077 212 2.61888337135315 2.39115428924561 
1335093179.70073 212 2.61488509178162 2.33065843582153 
1335093179.84214 212 2.47474670410156 2.41850256919861 
1335093179.96083 212 2.49738168716431 2.72441625595093 
1335093180.10026 212 2.49738168716431 2.61089897155762 
1335093180.26065 212 2.80579733848572 2.23705458641052 
1335093180.36062 212 2.4241669178009 2.57567739486694 
1335093180.52052 212 2.46524429321289 2.46524429321289 
1335093180.62145 212 2.58984327316284 2.70244526863098 
1335093180.76063 212 2.50246787071228 2.54038405418396 
1335093180.90032 212 2.55803966522217 2.38750386238098 
1335093181.04047 212 2.72026968002319 2.49358034133911 
1335093181.1611 212 2.42951250076294 2.42951250076294 
1335093181.30137 212 2.383864402771 2.72441625595093 
1335093181.4028 212 2.59507536888123 2.59507536888123 
1335093181.56071 212 2.49992227554321 2.53779983520508 
1335093181.7206 212 2.53779983520508 2.49992227554321 
1335093181.82078 212 2.61621642112732 2.57830023765564 
1335093181.96071 212 2.4645516872406 2.50246787071228 
1335093182.06065 212 2.49738168716431 2.49738168716431 
1335093182.20238 212 2.64747881889343 2.53482007980347 
1335093182.36075 212 2.654132604599 2.38871932029724 
1335093182.46095 212 2.43320465087891 2.48979091644287 
1335093182.62083 212 2.49738168716431 2.57305979728699 
1335093182.76079 212 2.49738168716431 2.49738168716431 
1335093182.92067 212 2.57830023765564 2.42663550376892 
1335093183.06086 212 2.53482007980347 2.53482007980347 
1335093183.20053 212 2.55803966522217 2.5011944770813 
1335093183.36069 212 2.65143275260925 2.49992227554321 
1335093183.4609 212 2.49358034133911 2.55025267601013 
1335093183.62254 212 2.53779983520508 2.49992227554321 
1335093183.76072 212 2.53779983520508 2.53779983520508 
1335093183.9029 212 2.5011944770813 2.55803966522217 
1335093184.02058 212 2.47277188301086 2.58646249771118 
1335093184.12026 212 2.57305979728699 2.57305979728699 
1335093184.26044 212 2.61621642112732 2.38871932029724 
1335093184.40168 212 2.5011944770813 2.55803966522217 
1335093184.56028 212 2.61089897155762 2.45954251289368 
1335093184.72396 212 2.49992227554321 2.57567739486694 
1335093184.86087 212 2.61488509178162 2.33065843582153 
1335093185.00054 212 2.55414032936096 2.61089897155762 
1335093185.14071 212 2.55414032936096 2.44062304496765 
1335093185.26265 212 2.5011944770813 2.44434905052185 
1335093185.40083 212 2.32356357574463 2.66359734535217 
1335093185.56071 212 2.61355495452881 2.38628935813904 
1335093185.7009 212 2.35869526863098 2.52717351913452 
1335093185.82058 212 2.41924476623535 2.53264689445496 
1335093185.92076 212 2.41924476623535 2.53264689445496 
1335093186.06119 212 2.46204471588135 2.61355495452881 
1335093186.20037 212 2.78542113304138 2.38750386238098 
1335093186.34555 212 2.59901332855225 2.48601269721985 
1335093186.46073 212 2.55414032936096 2.55414032936096 
1335093186.56168 212 2.48601269721985 2.59901332855225 
1335093186.70084 212 2.70380806922913 2.47849082946777 
1335093186.8609 212 2.57305979728699 2.45954251289368 
1335093187.02067 212 2.57830023765564 2.50246787071228 
1335093187.12035 212 2.54816865921021 2.5101363658905 
1335093187.26053 212 2.57830023765564 2.54038405418396 
1335093187.40096 212 2.56195116043091 2.50501894950867 
1335093187.50041 212 2.67581558227539 2.50501894950867 
1335093187.62084 212 2.42704272270203 2.59836339950562 
1335093187.76052 212 2.55414032936096 2.44062304496765 
1335093187.90093 212 2.53866076469421 2.42583131790161 
1335093188.06084 212 2.53779983520508 2.57567739486694 
1335093188.22077 212 2.58646249771118 2.47277188301086 
1335093188.36092 212 2.44808673858643 2.50501894950867 
1335093188.5006 212 2.48979091644287 2.54637694358826 
1335093188.66074 212 2.57567739486694 2.65143275260925 
1335093188.82042 212 2.4645516872406 2.50246787071228 
1335093188.92188 212 2.51731300354004 2.70517230033875 
1335093189.06078 212 2.61089897155762 2.44062304496765 
1335093189.16096 212 2.70517230033875 2.36702561378479 
1335093189.30091 212 2.44808673858643 2.61888337135315 
1335093189.42058 212 2.68931031227112 2.38628935813904 
1335093189.52127 212 2.48979091644287 2.60296320915222 
1335093189.66045 212 2.56195116043091 2.73274779319763 
1335093189.80339 212 2.5011944770813 2.44434905052185 
1335093189.90232 212 2.44062304496765 2.61089897155762 
1335093190.021 212 2.46204471588135 2.53779983520508 
1335093190.16094 212 2.67173051834106 2.5011944770813 
1335093190.3011 212 2.47849082946777 2.4221613407135 
1335093190.46102 212 2.56523895263672 2.41434264183044 
1335093190.62092 212 2.4241669178009 2.61355495452881 
1335093190.76084 212 2.55803966522217 2.44434905052185 
1335093190.90153 212 3.24018359184265 2.78542113304138 
1335093191.06091 212 2.48727083206177 2.41189885139465 
1335093191.22059 212 2.64873814582825 2.57305979728699 
1335093191.32217 212 2.49715447425842 2.57169628143311 
1335093191.46096 212 2.383864402771 2.55414032936096 
1335093191.60066 212 2.56195116043091 2.50501894950867 
1335093191.7011 212 2.44808673858643 2.39115428924561 
1335093191.82101 212 2.54297375679016 2.54297375679016 
1335093191.96068 212 2.66765761375427 2.72441625595093 
1335093192.10087 212 2.27034687995911 2.44062304496765 
1335093192.26077 212 2.72996497154236 2.4645516872406 
1335093192.42094 212 2.57567739486694 2.61355495452881 
1335093192.52087 212 2.52240371704102 2.52240371704102 
1335093192.6618 212 2.45559620857239 2.34138226509094 
1335093192.76173 212 2.53779983520508 2.76506543159485 
1335093192.90093 212 2.5011944770813 2.38750386238098 
1335093193.06057 212 2.45704555511475 2.57044768333435 
1335093193.16152 212 2.47101402282715 2.47101402282715 
1335093193.30097 212 2.55414032936096 2.78117489814758 
1335093193.40311 212 2.3694167137146 2.48224592208862 
1335093193.56056 212 2.68931031227112 2.53779983520508 
1335093193.7207 212 2.38750386238098 2.33065843582153 
1335093193.86314 212 2.61488509178162 2.5011944770813 
1335093194.00129 212 2.43320465087891 2.77272152900696 
1335093194.16144 212 2.40459752082825 2.4421694278717 
1335093194.32088 212 2.53779983520508 2.65143275260925 
1335093194.46155 212 2.61089897155762 2.383864402771 
1335093194.60071 212 2.43320465087891 2.71613550186157 
1335093194.76086 212 2.72996497154236 2.38871932029724 
1335093194.92053 212 2.53779983520508 2.53779983520508 
1335093195.06121 212 2.82073402404785 2.48224592208862 
1335093195.20093 212 2.15354681015015 2.21021914482117 
1335093195.36153 212 2.8437135219574 2.654132604599 
1335093195.5217 212 2.46149778366089 2.46149778366089 
1335093195.66188 212 2.50501894950867 2.67581558227539 
1335093195.80129 212 2.49738168716431 2.49738168716431 
1335093195.96895 212 2.46204471588135 2.61355495452881 
1335093196.12137 212 2.4645516872406 2.50246787071228 
1335093196.26329 212 2.55803966522217 2.5011944770813 
1335093196.40146 212 2.30950260162354 2.59114933013916 
1335093196.56138 212 2.53264689445496 2.57044768333435 
1335093196.72254 212 2.57567739486694 2.46204471588135 
1335093196.86071 212 2.55803966522217 2.44434905052185 
1335093197.00088 212 2.38750386238098 2.72857570648193 
1335093197.16479 212 2.51477551460266 2.47724151611328 
1335093197.30071 212 2.50501894950867 2.39115428924561 
1335093197.42341 212 2.5011944770813 2.67173051834106 
1335093197.52083 212 2.38144421577454 2.57044768333435 
1335093197.66076 212 2.4241669178009 2.65143275260925 
1335093197.80145 212 2.56195116043091 2.56195116043091 
1335093197.92119 212 2.37421298027039 2.75107216835022 
1335093198.06205 212 2.5011944770813 2.5011944770813 
1335093198.20075 212 2.383864402771 2.61089897155762 
1335093198.36086 212 2.53779983520508 2.65143275260925 
1335093198.46083 212 2.50246787071228 2.35080313682556 
1335093198.62109 212 2.55999398231506 2.50310516357422 
1335093198.72092 212 2.57305979728699 2.49738168716431 
1335093198.86159 212 2.6220908164978 2.35988187789917 
1335093199.00178 212 2.63949227333069 2.63949227333069 
1335093199.1207 212 2.50501894950867 2.46706414222717 
1335093199.22116 212 2.72441625595093 2.42170333862305 
1335093199.32134 212 2.4397075176239 2.6649112701416 
1335093199.46076 212 2.53779983520508 2.49992227554321 
1335093199.60098 212 2.39481616020203 2.6228940486908 
1335093199.72063 212 2.46204471588135 2.57567739486694 
1335093199.8613 212 2.43320465087891 2.60296320915222 
1335093200.00122 212 2.55803966522217 2.5011944770813 
1335093200.16236 212 2.46204471588135 2.49992227554321 
1335093200.32279 212 2.42663550376892 2.69204878807068 
1335093200.46097 212 2.44434905052185 2.72857570648193 
1335093200.6009 212 2.49358034133911 2.55025267601013 
1335093200.76108 212 2.61355495452881 2.57567739486694 
1335093200.92121 212 2.52240371704102 2.67299485206604 
1335093201.06089 212 2.38750386238098 2.38750386238098 
1335093201.16159 212 2.71613550186157 2.48979091644287 
1335093201.30173 212 2.44434905052185 2.61488509178162 
1335093201.46117 212 2.53779983520508 2.46204471588135 
1335093201.62084 212 2.52961707115173 2.58646249771118 
1335093201.7615 212 2.49358034133911 2.55025267601013 
1335093201.90517 212 2.50501894950867 2.50501894950867 
1335093202.06134 212 2.42170333862305 2.68657732009888 
1335093202.22126 212 2.38628935813904 2.57567739486694 
1335093202.36192 212 2.38750386238098 2.61488509178162 
1335093202.50132 212 2.32003235816956 2.60296320915222 
1335093202.66125 212 2.38628935813904 2.80294299125671 
1335093202.82148 212 2.47277188301086 2.7001531124115 
1335093202.96259 212 2.33422207832336 2.67581558227539 
1335093203.06102 212 2.38144421577454 2.60824823379517 
1335093203.2012 212 2.33065843582153 2.67173051834106 
1335093203.32138 212 2.47724151611328 2.73997926712036 
1335093203.4613 212 2.383864402771 2.83793377876282 
1335093203.56126 212 2.28077745437622 2.67991328239441 
1335093203.70094 212 2.33065843582153 2.67173051834106 
1335093203.86134 212 1.84474301338196 2.4094603061676 
1335093204.021 212 1.51510441303253 2.15902376174927 
1335093204.16167 212 1.02478051185608 1.9356963634491 
1335093204.30085 212 0.88388580083847 1.82301449775696 
1335093204.40129 212 6.60051774978638 -4.68241882324219 
1335093204.52147 212 4.99705410003662 -5.26005697250366 
1335093204.66114 212 5.75896263122559 -3.13606882095337 
1335093204.76184 212 6.5940580368042 -1.13690662384033 
1335093204.86127 212 5.85698509216309 -0.91277688741684 
1335093205.0007 212 4.8886981010437 0 
1335093205.10115 212 4.51144409179688 0.5710688829422 
1335093205.22134 212 3.97917294502258 0.710566580295563 
1335093205.36076 212 3.1312735080719 1.82183194160461 
1335093205.46294 212 3.15991449356079 1.90356290340424 
1335093205.60087 212 3.00820970535278 2.10007095336914 
1335093205.70132 212 2.93801498413086 2.14701104164124 
1335093205.821 212 2.76506543159485 2.34841179847717 
1335093205.96117 212 2.68402361869812 2.39848923683167 
1335093206.06261 212 2.68931031227112 2.4241669178009 
1335093206.20128 212 2.54637694358826 2.37661862373352 
1335093206.34397 212 2.53866076469421 2.65148997306824 
1335093206.46265 212 2.61089897155762 2.44062304496765 
1335093206.60108 212 2.61488509178162 2.44434905052185 
1335093206.70151 212 2.59901332855225 2.42951250076294 
1335093206.86143 212 2.45455360412598 2.56784057617188 
1335093207.02234 212 2.33065843582153 2.67173051834106 
1335093207.16076 212 2.50501894950867 2.50501894950867 
1335093207.26219 212 2.46204471588135 2.61355495452881 
1335093207.4014 212 2.54637694358826 2.43320465087891 
1335093207.5413 212 2.72441625595093 2.44062304496765 
1335093207.66323 212 2.44062304496765 2.61089897155762 
1335093207.80142 212 2.5011944770813 2.61488509178162 
1335093207.9633 212 2.61089897155762 2.68657732009888 
1335093208.10125 212 2.55803966522217 2.5011944770813 
1335093208.22093 212 2.67173051834106 2.44434905052185 
1335093208.32085 212 2.64873814582825 2.53522086143494 
1335093208.46253 212 2.63770484924316 2.48479461669922 
1335093208.60098 212 2.56195116043091 2.56195116043091 
1335093208.70217 212 2.67173051834106 2.5011944770813 
1335093208.82288 212 2.50246787071228 2.54038405418396 
1335093208.92176 212 2.53007841110229 2.45455360412598 
1335093209.06094 212 2.64873814582825 2.49738168716431 
1335093209.20088 212 2.6228940486908 2.45183563232422 
1335093209.3413 212 2.49738168716431 2.44062304496765 
1335093209.46148 212 2.66765761375427 2.44062304496765 
1335093209.60142 212 2.49738168716431 2.49738168716431 
1335093209.70109 212 2.38023591041565 2.55025267601013 
1335093209.86139 212 2.61089897155762 2.45954251289368 
1335093210.02143 212 2.41189885139465 2.78875803947449 
1335093210.16135 212 2.67173051834106 2.44434905052185 
1335093210.30125 212 2.61089897155762 2.61089897155762 
1335093210.46119 212 2.64604902267456 2.57044768333435 
1335093210.62158 212 2.53779983520508 2.68931031227112 
1335093210.76127 212 2.49738168716431 2.383864402771 
1335093210.86121 212 2.49992227554321 2.61355495452881 
1335093211.00114 212 2.61089897155762 2.66765761375427 
1335093211.16127 212 2.50246787071228 2.4645516872406 
1335093211.30201 212 2.60296320915222 2.77272152900696 
1335093211.46112 212 2.46204471588135 2.49992227554321 
1335093211.64104 212 2.61355495452881 2.46204471588135 
1335093211.76149 212 2.72026968002319 2.55025267601013 
1335093211.86141 212 2.47849082946777 2.53482007980347 
1335093212.02178 212 2.38871932029724 2.72996497154236 
1335093212.16173 212 2.53779983520508 2.46204471588135 
1335093212.30194 212 2.44062304496765 2.49738168716431 
1335093212.40163 212 2.41850256919861 2.47474670410156 
1335093212.52153 212 2.67570042610168 2.48727083206177 
1335093212.66171 212 2.67991328239441 2.5658745765686 
1335093212.76341 212 2.61488509178162 2.27381324768066 
1335093212.86108 212 2.62691688537598 2.55077433586121 
1335093213.00104 212 2.44434905052185 2.5011944770813 
1335093213.1217 212 2.61621642112732 2.69204878807068 
1335093213.26138 212 2.72857570648193 2.44434905052185 
1335093213.36131 212 2.61355495452881 2.53779983520508 
1335093213.46124 212 2.46204471588135 2.57567739486694 
1335093213.62092 212 2.65143275260925 2.53779983520508 
1335093213.7626 212 2.61488509178162 2.5011944770813 
1335093213.90102 212 2.61089897155762 2.44062304496765 
1335093214.06166 212 2.68657732009888 2.45954251289368 
1335093214.22134 212 2.57567739486694 2.4241669178009 
1335093214.32103 212 2.53779983520508 2.53779983520508 
1335093214.46171 212 2.383864402771 2.61089897155762 
1335093214.56164 212 2.57044768333435 2.45704555511475 
1335093214.70108 212 2.55414032936096 2.61089897155762 
1335093214.82151 212 2.57567739486694 2.49992227554321 
1335093214.96218 212 2.55414032936096 2.49738168716431 
1335093215.06112 212 2.48979091644287 2.60296320915222 
1335093215.20531 212 2.61488509178162 2.5011944770813 
1335093215.34223 212 2.54251289367676 2.65551352500916 
1335093215.4614 212 2.66359734535217 2.43690824508667 
1335093215.6011 212 2.55414032936096 2.55414032936096 
1335093215.76203 212 2.61089897155762 2.383864402771 
1335093215.90142 212 2.67173051834106 2.44434905052185 
1335093216.02136 212 2.44434905052185 2.64330768585205 
1335093216.16128 212 2.56195116043091 2.39115428924561 
1335093216.26145 212 2.50246787071228 2.69204878807068 
1335093216.40238 212 2.46358251571655 2.35160136222839 
1335093216.52332 212 2.55746555328369 2.48224592208862 
1335093216.66099 212 2.7369327545166 2.6228940486908 
1335093216.76119 212 2.72026968002319 2.32356357574463 
1335093216.90159 212 2.56195116043091 2.50501894950867 
1335093217.06127 212 2.83793377876282 2.61089897155762 
1335093217.22143 212 2.5560884475708 2.47088551521301 
1335093217.36135 212 2.56195116043091 2.44808673858643 
1335093217.46128 212 2.55862283706665 2.48224592208862 
1335093217.60125 212 2.67173051834106 2.44434905052185 
1335093217.7229 212 2.53779983520508 2.34841179847717 
1335093217.86108 212 2.72857570648193 2.55803966522217 
1335093218.00173 212 2.54637694358826 2.65954923629761 
1335093218.16118 212 2.31053423881531 2.68931031227112 
1335093218.32181 212 2.57567739486694 2.61355495452881 
1335093218.46175 212 2.44062304496765 2.61089897155762 
1335093218.56143 212 2.64068722724915 2.48979091644287 
1335093218.70286 212 2.55414032936096 2.49738168716431 
1335093218.84179 212 2.44434905052185 2.61488509178162 
1335093218.96172 212 2.61488509178162 2.61488509178162 
1335093219.06292 212 2.43320465087891 2.54637694358826 
1335093219.20481 212 2.5011944770813 2.44434905052185 
1335093219.3615 212 2.61355495452881 2.72718787193298 
1335093219.52215 212 2.55219507217407 2.46712183952332 
1335093219.66133 212 2.44434905052185 2.72857570648193 
1335093219.80723 212 2.56195116043091 2.44808673858643 
1335093219.90149 212 2.61888337135315 2.44808673858643 
1335093220.02162 212 2.54038405418396 2.50246787071228 
1335093220.16105 212 2.61488509178162 2.38750386238098 
1335093220.30147 212 2.49738168716431 2.61089897155762 
1335093220.40205 212 2.60692501068115 2.49358034133911 
1335093220.56158 212 2.64873814582825 2.383864402771 
1335093220.72147 212 2.61355495452881 2.49992227554321 
1335093220.86191 212 2.68384981155396 2.30584263801575 
1335093221.00111 212 2.5011944770813 2.72857570648193 
1335093221.16124 212 2.57044768333435 2.45704555511475 
1335093221.32164 212 2.53779983520508 2.65143275260925 
1335093221.46307 212 2.49992227554321 2.4241669178009 
1335093221.6015 212 2.67173051834106 2.5011944770813 
1335093221.70122 212 2.49738168716431 2.55414032936096 
1335093221.82139 212 2.54907560348511 2.46315169334412 
1335093221.92181 212 2.41679120063782 2.53007841110229 
1335093222.06174 212 2.42663550376892 2.42663550376892 
1335093222.16167 212 2.72718787193298 2.46204471588135 
1335093222.30136 212 2.5011944770813 2.61488509178162 
1335093222.42131 212 2.59637236595154 2.39665126800537 
1335093222.52173 212 2.60032844543457 2.67570042610168 
1335093222.66366 212 2.4645516872406 2.57830023765564 
1335093222.80187 212 2.61488509178162 2.38750386238098 
1335093222.9415 212 2.55803966522217 2.55803966522217 
1335093223.06194 212 2.48979091644287 2.48979091644287 
1335093223.20238 212 2.55414032936096 2.49738168716431 
1335093223.36151 212 2.42663550376892 2.61621642112732 
1335093223.46157 212 2.49738168716431 2.57305979728699 
1335093223.62139 212 2.58646249771118 2.41592645645142 
1335093223.76131 212 2.44062304496765 2.44062304496765 
1335093223.90171 212 2.5011944770813 2.38750386238098 
1335093224.06174 212 2.68657732009888 2.61089897155762 
1335093224.22131 212 2.38750386238098 2.61488509178162 
1335093224.36373 212 2.56195116043091 2.56195116043091 
1335093224.46191 212 2.4645516872406 2.57830023765564 
1335093224.60177 212 2.61888337135315 2.44808673858643 
1335093224.70229 212 2.44434905052185 2.5011944770813 
1335093224.82224 212 2.64532709121704 2.47466087341309 
1335093224.92214 212 2.4495849609375 2.4495849609375 
1335093225.06133 212 2.57830023765564 2.54038405418396 
1335093225.16201 212 2.53522086143494 2.45954251289368 
1335093225.30148 212 2.5011944770813 2.33065843582153 
1335093225.42138 212 2.67173051834106 2.5011944770813 
1335093225.52231 212 2.4495849609375 2.4495849609375 
1335093225.66174 212 2.61621642112732 2.69204878807068 
1335093225.80192 212 2.56195116043091 2.44808673858643 
1335093225.94185 212 2.44062304496765 2.55414032936096 
1335093226.06178 212 2.53212118148804 2.5896692276001 
1335093226.20197 212 2.55025267601013 2.49358034133911 
1335093226.30189 212 2.47849082946777 2.70380806922913 
1335093226.46129 212 2.53264689445496 2.45704555511475 
1335093226.56301 212 2.59769940376282 2.52240371704102 
1335093226.72158 212 2.64330768585205 2.5011944770813 
1335093226.86134 212 2.5011944770813 2.38750386238098 
1335093227.00154 212 2.49738168716431 2.66765761375427 
1335093227.10271 212 2.59114933013916 2.47849082946777 
1335093227.22163 212 2.57830023765564 2.50246787071228 
1335093227.36237 212 2.50501894950867 2.56195116043091 
1335093227.46201 212 2.60692501068115 2.49358034133911 
1335093227.60165 212 2.56195116043091 2.61888337135315 
1335093227.70138 212 2.5011944770813 2.44434905052185 
1335093227.84178 212 2.38023591041565 2.55025267601013 
1335093227.96198 212 2.55414032936096 2.55414032936096 
1335093228.10141 212 2.55414032936096 2.44062304496765 
1335093228.26129 212 2.50246787071228 2.50246787071228 
1335093228.42152 212 2.68931031227112 2.49992227554321 
1335093228.52189 212 2.61888337135315 2.42910933494568 
1335093228.66135 212 2.50885510444641 2.5658745765686 
1335093228.76178 212 2.67173051834106 2.44434905052185 
1335093228.92267 212 2.51985573768616 2.51985573768616 
1335093229.06137 212 2.5011944770813 2.55803966522217 
1335093229.16157 212 2.61089897155762 2.55414032936096 
1335093229.30149 212 2.61089897155762 2.44062304496765 
1335093229.4017 212 2.42583131790161 2.42583131790161 
1335093229.56159 212 2.61355495452881 2.61355495452881 
1335093229.72174 212 2.61089897155762 2.49738168716431 
1335093229.86142 212 2.4645516872406 2.54038405418396 
1335093230.00231 212 2.49738168716431 2.61089897155762 
1335093230.14177 212 2.66765761375427 2.49738168716431 
1335093230.26246 212 2.65551352500916 2.37301206588745 
1335093230.4216 212 2.46204471588135 2.46204471588135 
1335093230.56203 212 2.48224592208862 2.59507536888123 
1335093230.70296 212 2.67173051834106 2.44434905052185 
1335093230.8214 212 2.49992227554321 2.53779983520508 
1335093230.96283 212 2.55803966522217 2.44434905052185 
1335093231.06175 212 2.52751493453979 2.60296320915222 
1335093231.20317 212 2.49738168716431 2.44062304496765 
1335093231.36159 212 2.53779983520508 2.61355495452881 
1335093231.52225 212 2.4387640953064 2.49547958374023 
1335093231.66318 212 2.5011944770813 2.61488509178162 
1335093231.80209 212 2.66765761375427 2.44062304496765 
1335093231.96226 212 2.57044768333435 2.41924476623535 
1335093232.12209 212 2.45954251289368 2.64873814582825 
1335093232.2616 212 2.44062304496765 2.55414032936096 
1335093232.40326 212 2.49738168716431 2.49738168716431 
1335093232.56143 212 2.53522086143494 2.49738168716431 
1335093232.72185 212 2.49168419837952 2.57662796974182 
1335093232.86352 212 2.67173051834106 2.5011944770813 
1335093233.00153 212 2.61488509178162 2.72857570648193 
1335093233.16209 212 2.53264689445496 2.53264689445496 
1335093233.26204 212 2.48601269721985 2.48601269721985 
1335093233.40148 212 2.49358034133911 2.66359734535217 
1335093233.50189 212 2.49358034133911 2.49358034133911 
1335093233.662 212 2.49992227554321 2.53779983520508 
1335093233.82197 212 2.4645516872406 2.57830023765564 
1335093233.92216 212 2.59769940376282 2.4094603061676 
1335093234.06384 212 2.65143275260925 2.46204471588135 
1335093234.20154 212 2.5011944770813 2.5011944770813 
1335093234.3422 212 2.49738168716431 2.66765761375427 
1335093234.46162 212 2.55414032936096 2.44062304496765 
1335093234.56208 212 2.49358034133911 2.43690824508667 
1335093234.70173 212 2.54637694358826 2.54637694358826 
1335093234.86192 212 2.68657732009888 2.42170333862305 
1335093235.02206 212 2.49484634399414 2.72165036201477 
1335093235.16274 212 2.50501894950867 2.61888337135315 
1335093235.26342 212 2.57567739486694 2.53779983520508 
1335093235.40213 212 2.38750386238098 2.5011944770813 
1335093235.50183 212 2.61888337135315 2.50501894950867 
1335093235.62202 212 2.5011944770813 2.58646249771118 
1335093235.76166 212 2.44062304496765 2.55414032936096 
1335093235.9023 212 2.44808673858643 2.56195116043091 
1335093236.06224 212 2.53522086143494 2.49738168716431 
1335093236.22188 212 2.38750386238098 2.55803966522217 
1335093236.36158 212 2.61888337135315 2.39115428924561 
1335093236.46251 212 2.4645516872406 2.654132604599 
1335093236.56169 212 2.61089897155762 2.45954251289368 
1335093236.72312 212 2.5548849105835 2.5548849105835 
1335093236.86179 212 2.44434905052185 2.55803966522217 
1335093237.00451 212 2.44434905052185 2.67173051834106 
1335093237.16189 212 2.68384981155396 2.53264689445496 
1335093237.32205 212 2.47277188301086 2.61488509178162 
1335093237.46172 212 2.44062304496765 2.55414032936096 
1335093237.60238 212 2.55803966522217 2.67173051834106 
1335093237.76203 212 2.57830023765564 2.38871932029724 
1335093237.92246 212 2.56005144119263 2.48475575447083 
1335093238.06238 212 2.50885510444641 2.67991328239441 
1335093238.16163 212 2.27381324768066 2.55803966522217 
1335093238.30199 212 2.61089897155762 2.61089897155762 
1335093238.44166 212 2.49738168716431 2.61089897155762 
1335093238.56361 212 2.39848923683167 2.56980991363525 
1335093238.70154 212 2.49738168716431 2.66765761375427 
1335093238.86192 212 2.57305979728699 2.45954251289368 
1335093239.00187 212 2.44434905052185 2.78542113304138 
1335093239.12179 212 2.42663550376892 2.42663550376892 
1335093239.26172 212 2.5011944770813 2.44434905052185 
1335093239.40191 212 2.65954923629761 2.48979091644287 
1335093239.56192 212 2.54038405418396 2.69204878807068 
1335093239.72221 212 2.49992227554321 2.57567739486694 
1335093239.82188 212 2.53779983520508 2.61355495452881 
1335093239.96258 212 2.49738168716431 2.78117489814758 
1335093240.10175 212 2.38750386238098 2.55803966522217 
1335093240.20221 212 2.65954923629761 2.60296320915222 
1335093240.32213 212 2.35908102989197 2.75699853897095 
1335093240.46206 212 2.38750386238098 2.55803966522217 
1335093240.60197 212 2.42951250076294 2.59901332855225 
1335093240.76361 212 2.31053423881531 2.65143275260925 
1335093240.92254 212 2.35011124610901 2.71820092201233 
1335093241.06197 212 2.44434905052185 2.78542113304138 
1335093241.16191 212 2.383864402771 2.68657732009888 
1335093241.26209 212 2.27961373329163 2.6975429058075 
1335093241.40239 212 2.20351123809814 2.71201372146606 
1335093241.52248 212 2.26689124107361 2.80527806282043 
1335093241.66214 212 2.27728986740112 2.84661245346069 
1335093241.80205 212 2.20017266273499 2.65148997306824 
1335093241.9617 212 1.89388048648834 2.34841179847717 
1335093242.06244 212 1.627081990242 2.11899042129517 
1335093242.22183 212 1.28783869743347 1.7423700094223 
1335093242.36148 212 1.15752398967743 1.58194947242737 
1335093242.46218 212 3.90139365196228 -2.99233102798462 
1335093242.56336 212 5.4109935760498 -5.71370649337769 
1335093242.72254 212 5.08076810836792 -4.81535482406616 
1335093242.82229 212 6.77320194244385 -1.43788635730743 
1335093242.96292 212 5.34346103668213 -0.227381318807602 
1335093243.0626 212 4.94686937332153 0 
1335093243.20256 212 4.26339960098267 0.454762637615204 
1335093243.34194 212 3.51903772354126 1.47572553157806 
1335093243.46213 212 3.40552043914795 1.58924281597137 
1335093243.60183 212 3.2970290184021 1.98958647251129 
1335093243.70274 212 2.98094487190247 2.08103704452515 
1335093243.86207 212 2.95145106315613 2.1568295955658 
1335093244.02182 212 2.72996497154236 2.35080313682556 
1335093244.16175 212 2.61888337135315 2.44808673858643 
1335093244.2622 212 2.67581558227539 2.50501894950867 
1335093244.40211 212 2.72857570648193 2.5011944770813 
1335093244.50284 212 2.41485476493835 2.47101402282715 
1335093244.62174 212 2.72857570648193 2.41592645645142 
1335093244.72192 212 2.52495670318604 2.48727083206177 
1335093244.86185 212 2.654132604599 2.35080313682556 
1335093245.00177 212 2.5011944770813 2.72857570648193 
1335093245.10198 212 2.61089897155762 2.61089897155762 
1335093245.2219 212 2.53779983520508 2.53779983520508 
1335093245.36309 212 2.61888337135315 2.50501894950867 
1335093245.5025 212 2.60296320915222 2.43320465087891 
1335093245.66392 212 2.53779983520508 2.53779983520508 
1335093245.82207 212 2.42663550376892 2.54038405418396 
1335093245.922 212 2.75665259361267 2.45455360412598 
1335093246.06244 212 2.44434905052185 2.5011944770813 
1335093246.20238 212 2.5011944770813 2.5011944770813 
1335093246.3619 212 2.42663550376892 2.57830023765564 
1335093246.52242 212 2.52240371704102 2.4094603061676 
1335093246.66235 212 2.5455687046051 2.65954923629761 
1335093246.80204 212 2.55414032936096 2.49738168716431 
1335093246.9627 212 2.38628935813904 2.65143275260925 
1335093247.12185 212 2.5884382724762 2.41777205467224 
1335093247.26178 212 2.61488509178162 2.5011944770813 
1335093247.40219 212 2.67581558227539 2.44808673858643 
1335093247.54218 212 2.55803966522217 2.61488509178162 
1335093247.66231 212 2.44062304496765 2.66765761375427 
1335093247.76225 212 2.55414032936096 2.61089897155762 
1335093247.90244 212 2.61089897155762 2.55414032936096 
1335093248.06807 212 2.46204471588135 2.49992227554321 
1335093248.20227 212 2.55803966522217 2.44434905052185 
1335093248.32208 212 2.61488509178162 2.47277188301086 
1335093248.46211 212 2.56195116043091 2.50501894950867 
1335093248.56205 212 2.68384981155396 2.49484634399414 
1335093248.70227 212 2.44434905052185 2.5011944770813 
1335093248.82241 212 2.49992227554321 2.49992227554321 
1335093248.92262 212 2.48979091644287 2.64068722724915 
1335093249.06229 212 2.72441625595093 2.55414032936096 
1335093249.16247 212 2.45954251289368 2.53522086143494 
1335093249.26415 212 2.67841124534607 2.45206665992737 
1335093249.40235 212 2.44434905052185 2.5011944770813 
1335093249.52279 212 2.57858896255493 2.55025267601013 
1335093249.66245 212 2.80294299125671 2.46204471588135 
1335093249.80386 212 2.48601269721985 2.48601269721985 
1335093249.96179 212 2.65143275260925 2.4241669178009 
1335093250.1227 212 2.47277188301086 2.5011944770813 
1335093250.26187 212 2.55803966522217 2.5011944770813 
1335093250.40279 212 2.61488509178162 2.55803966522217 
1335093250.56272 212 2.57305979728699 2.383864402771 
1335093250.72185 212 2.52961707115173 2.61488509178162 
1335093250.86254 212 2.5011944770813 2.5011944770813 
1335093251.00297 212 2.383864402771 2.72441625595093 
1335093251.10343 212 2.50501894950867 2.56195116043091 
1335093251.26181 212 2.53779983520508 2.49992227554321 
1335093251.36301 212 2.44434905052185 2.44434905052185 
1335093251.4622 212 2.69228219985962 2.57771706581116 
1335093251.60336 212 2.61888337135315 2.44808673858643 
1335093251.70282 212 2.61888337135315 2.44808673858643 
1335093251.86198 212 2.45954251289368 2.383864402771 
1335093251.96243 212 2.76431941986084 2.59507536888123 
1335093252.12207 212 2.53522086143494 2.383864402771 
1335093252.24941 212 2.44434905052185 2.5011944770813 
1335093252.36393 212 2.61355495452881 2.61355495452881 
1335093252.52307 212 2.52240371704102 2.56005144119263 
1335093252.66228 212 2.55803966522217 2.61488509178162 
1335093252.80346 212 2.49738168716431 2.44062304496765 
1335093252.90216 212 2.48979091644287 2.60296320915222 
1335093253.06181 212 2.46204471588135 2.57567739486694 
1335093253.22223 212 2.50246787071228 2.4645516872406 
1335093253.36366 212 2.50501894950867 2.50501894950867 
1335093253.46209 212 2.5888454914093 2.47463178634644 
1335093253.60229 212 2.67173051834106 2.44434905052185 
1335093253.70224 212 2.49738168716431 2.44062304496765 
1335093253.82213 212 2.47277188301086 2.61488509178162 
1335093253.92307 212 2.60296320915222 2.48979091644287 
1335093254.0625 212 2.4645516872406 2.54038405418396 
1335093254.20199 212 2.55803966522217 2.5011944770813 
1335093254.34235 212 2.44062304496765 2.55414032936096 
1335093254.46229 212 2.61488509178162 2.5011944770813 
1335093254.60256 212 2.78542113304138 2.44434905052185 
1335093254.7621 212 2.57567739486694 2.4241669178009 
1335093254.86231 212 2.61089897155762 2.45954251289368 
1335093255.0225 212 2.76506543159485 2.46204471588135 
1335093255.16216 212 2.5011944770813 2.44434905052185 
1335093255.30239 212 2.49738168716431 2.55414032936096 
1335093255.40251 212 2.49358034133911 2.55025267601013 
1335093255.54344 212 2.5011944770813 2.5011944770813 
1335093255.66211 212 2.55803966522217 2.72857570648193 
1335093255.76232 212 2.72441625595093 2.55414032936096 
1335093255.902 212 2.50501894950867 2.50501894950867 
1335093256.0649 212 2.49738168716431 2.49738168716431 
1335093256.22262 212 2.44434905052185 2.5011944770813 
1335093256.36299 212 2.50501894950867 2.50501894950867 
1335093256.46242 212 2.71613550186157 2.45206665992737 
1335093256.60459 212 2.61888337135315 2.44808673858643 
1335093256.74329 212 2.45619535446167 2.45619535446167 
1335093256.86246 212 2.55414032936096 2.61089897155762 
1335093256.96241 212 2.54637694358826 2.65954923629761 
1335093257.10209 212 2.55414032936096 2.49738168716431 
1335093257.26399 212 2.72441625595093 2.42170333862305 
1335093257.42249 212 2.53522086143494 2.49738168716431 
1335093257.52233 212 2.60296320915222 2.41434264183044 
1335093257.66224 212 2.654132604599 2.57830023765564 
1335093257.80247 212 2.55803966522217 2.44434905052185 
1335093257.94259 212 2.55025267601013 2.49358034133911 
1335093258.0628 212 2.5658745765686 2.45183563232422 
1335093258.16249 212 2.49992227554321 2.46204471588135 
1335093258.30242 212 2.55414032936096 2.44062304496765 
1335093258.46207 212 2.49992227554321 2.61355495452881 
1335093258.62257 212 2.19690132141113 2.84082078933716 
1335093258.76216 212 2.61888337135315 2.44808673858643 
1335093258.86333 212 2.61089897155762 2.42170333862305 
1335093259.00203 212 2.5011944770813 2.61488509178162 
1335093259.12296 212 2.41592645645142 2.58646249771118 
1335093259.26238 212 2.50501894950867 2.44808673858643 
1335093259.40228 212 2.59901332855225 2.48601269721985 
1335093259.56296 212 2.76788115501404 2.42663550376892 
1335093259.72286 212 2.53779983520508 2.49992227554321 
1335093259.86205 212 2.55414032936096 2.44062304496765 
1335093259.96248 212 2.48224592208862 2.65148997306824 
1335093260.10293 212 2.5011944770813 2.44434905052185 
1335093260.24208 212 2.44434905052185 2.44434905052185 
1335093260.36252 212 2.55803966522217 2.55803966522217 
1335093260.46247 212 2.55803966522217 2.5011944770813 
1335093260.60537 212 2.50501894950867 2.73274779319763 
1335093260.7623 212 2.61355495452881 2.49992227554321 
1335093260.92246 212 2.52383732795715 2.46712183952332 
1335093261.06238 212 2.66765761375427 2.49738168716431 
1335093261.16256 212 2.57305979728699 2.42170333862305 
1335093261.30327 212 2.56195116043091 2.50501894950867 
1335093261.42242 212 2.53779983520508 2.46204471588135 
1335093261.52312 212 2.51985573768616 2.51985573768616 
1335093261.66329 212 2.56195116043091 2.67581558227539 
1335093261.76248 212 2.54038405418396 2.50246787071228 
1335093261.86217 212 2.68931031227112 2.4241669178009 
1335093262.00262 212 2.55803966522217 2.61488509178162 
1335093262.12278 212 2.62726330757141 2.4012622833252 
1335093262.26271 212 2.4645516872406 2.57830023765564 
1335093262.3669 212 2.59245681762695 2.40459752082825 
1335093262.50259 212 2.5011944770813 2.55803966522217 
1335093262.62276 212 2.54038405418396 2.50246787071228 
1335093262.76768 212 2.39115428924561 2.44808673858643 
1335093262.86213 212 2.61089897155762 2.61089897155762 
1335093263.00257 212 2.5011944770813 2.61488509178162 
1335093263.10225 212 2.46315169334412 2.69228219985962 
1335093263.22217 212 2.53779983520508 2.49992227554321 
1335093263.32261 212 2.57305979728699 2.53522086143494 
1335093263.4623 212 2.55025267601013 2.43690824508667 
1335093263.60248 212 2.61888337135315 2.50501894950867 
1335093263.70217 212 2.55803966522217 2.38750386238098 
1335093263.82259 212 2.654132604599 2.4645516872406 
1335093263.96277 212 2.53482007980347 2.64747881889343 
1335093264.10322 212 2.78117489814758 2.44062304496765 
1335093264.26212 212 2.69204878807068 2.42663550376892 
1335093264.42226 212 2.33243894577026 2.61688280105591 
1335093264.5227 212 2.82644414901733 2.37421298027039 
1335093264.66263 212 2.35080313682556 2.80579733848572 
1335093264.80246 212 2.55803966522217 2.38750386238098 
1335093264.90227 212 2.55803966522217 2.44434905052185 
1335093265.02268 212 2.43158793449402 2.6215558052063 
1335093265.16387 212 2.61488509178162 2.44434905052185 
1335093265.26229 212 2.53779983520508 2.49992227554321 
1335093265.36323 212 2.57044768333435 2.60824823379517 
1335093265.46295 212 2.654132604599 2.31288695335388 
1335093265.6226 212 2.5560884475708 2.52768754959106 
1335093265.76354 212 2.55803966522217 2.38750386238098 
1335093265.86271 212 2.57830023765564 2.35080313682556 
1335093265.96239 212 2.53522086143494 2.45954251289368 
1335093266.10259 212 2.55803966522217 2.38750386238098 
1335093266.22477 212 2.52961707115173 2.47277188301086 
1335093266.36245 212 2.5011944770813 2.38750386238098 
1335093266.5024 212 2.55803966522217 2.55803966522217 
1335093266.66283 212 2.47974109649658 2.5548849105835 
1335093266.82269 212 2.31760716438293 2.58356213569641 
1335093266.96512 212 2.61488509178162 2.44434905052185 
1335093267.06255 212 2.56523895263672 2.41434264183044 
1335093267.20273 212 2.43320465087891 2.60296320915222 
1335093267.32294 212 2.56784057617188 2.56784057617188 
1335093267.46309 212 2.38023591041565 2.49358034133911 
1335093267.60275 212 2.59507536888123 2.59507536888123 
1335093267.76304 212 2.38144421577454 2.60824823379517 
1335093267.92282 212 2.61621642112732 2.50246787071228 
1335093268.06475 212 2.49738168716431 2.49738168716431 
1335093268.20267 212 2.61089897155762 2.44062304496765 
1335093268.36409 212 2.4241669178009 2.49992227554321 
1335093268.52453 212 2.51808381080627 2.48979091644287 
1335093268.66242 212 2.61888337135315 2.67581558227539 
1335093268.76235 212 2.61621642112732 2.4645516872406 
1335093268.90254 212 2.61488509178162 2.5011944770813 
1335093269.06269 212 2.68931031227112 2.46204471588135 
1335093269.22284 212 2.49992227554321 2.57567739486694 
1335093269.32278 212 2.49484634399414 2.45704555511475 
1335093269.46771 212 2.61089897155762 2.45954251289368 
1335093269.60291 212 2.5011944770813 2.5011944770813 
1335093269.72333 212 2.64330768585205 2.41592645645142 
1335093269.83352 212 2.45455360412598 2.68112778663635 
1335093269.96319 212 2.69204878807068 2.35080313682556 
1335093270.10272 212 2.55803966522217 2.5011944770813 
1335093270.20282 212 2.38023591041565 2.60692501068115 
1335093270.32274 212 2.57567739486694 2.53779983520508 
1335093270.46293 212 2.44062304496765 2.55414032936096 
1335093270.56261 212 2.61888337135315 2.39115428924561 
1335093270.66254 212 2.56523895263672 2.52751493453979 
1335093270.80273 212 2.44062304496765 2.49738168716431 
1335093270.92241 212 2.72857570648193 2.41592645645142 
1335093271.0631 212 2.47474670410156 2.58723521232605 
1335093271.20276 212 2.58333301544189 2.30253577232361 
1335093271.36244 212 2.27728986740112 2.65683817863464 
1335093271.46236 212 2.76225543022156 2.34602522850037 
1335093271.62301 212 2.31053423881531 2.80294299125671 
1335093271.76294 212 2.54038405418396 2.4645516872406 
1335093271.90388 212 2.61488509178162 2.61488509178162 
1335093272.04254 212 2.72441625595093 2.49738168716431 
1335093272.16273 212 2.61488509178162 2.38750386238098 
1335093272.30267 212 2.66765761375427 2.49738168716431 
1335093272.40308 212 2.56195116043091 2.39115428924561 
1335093272.56251 212 2.42663550376892 2.57830023765564 
1335093272.7229 212 2.69809341430664 2.41408371925354 
1335093272.86259 212 2.52043437957764 2.57771706581116 
1335093273.00304 212 2.44434905052185 2.67173051834106 
1335093273.16292 212 2.64873814582825 2.42170333862305 
1335093273.26262 212 2.383864402771 2.61089897155762 
1335093273.40255 212 2.55025267601013 2.43690824508667 
1335093273.56468 212 2.69204878807068 2.4645516872406 
1335093273.70287 212 2.5011944770813 2.55803966522217 
1335093273.82255 212 2.59041738510132 2.44808673858643 
1335093273.92299 212 2.60296320915222 2.52751493453979 
1335093274.06317 212 2.61621642112732 2.54038405418396 
1335093274.20274 212 2.44434905052185 2.61488509178162 
1335093274.36251 212 2.76788115501404 2.38871932029724 
1335093274.5229 212 2.52751493453979 2.41434264183044 
1335093274.66309 212 2.59114933013916 2.64747881889343 
1335093274.80276 212 2.44062304496765 2.61089897155762 
1335093274.96392 212 2.49992227554321 2.49992227554321 
1335093275.06314 212 2.76431941986084 2.42583131790161 
1335093275.22501 212 2.4241669178009 2.57567739486694 
1335093275.32295 212 2.61089897155762 2.49738168716431 
1335093275.46392 212 2.55414032936096 2.44062304496765 
1335093275.62278 212 2.57305979728699 2.49738168716431 
1335093275.76274 212 2.44434905052185 2.55803966522217 
1335093275.92238 212 2.61355495452881 2.49992227554321 
1335093276.06556 212 2.35319948196411 2.61888337135315 
1335093276.20298 212 2.72857570648193 2.38750386238098 
1335093276.34291 212 2.44062304496765 2.66765761375427 
1335093276.46259 212 2.5011944770813 2.55803966522217 
1335093276.60528 212 2.61089897155762 2.66765761375427 
1335093276.76266 212 2.46204471588135 2.46204471588135 
1335093276.86562 212 2.53522086143494 2.49738168716431 
1335093277.02378 212 2.67173051834106 2.5011944770813 
1335093277.16271 212 2.61488509178162 2.67173051834106 
1335093277.30239 212 2.56195116043091 2.67581558227539 
1335093277.40282 212 2.65551352500916 2.54251289367676 
1335093277.54299 212 2.55803966522217 2.44434905052185 
1335093277.66293 212 2.55803966522217 2.67173051834106 
1335093277.76287 212 2.72857570648193 2.44434905052185 
1335093277.86305 212 2.46706414222717 2.58092856407166 
1335093278.0025 212 2.44434905052185 2.61488509178162 
1335093278.12291 212 2.55746555328369 2.51985573768616 
1335093278.26286 212 2.55803966522217 2.44434905052185 
1335093278.40452 212 2.42951250076294 2.48601269721985 
1335093278.56416 212 2.53522086143494 2.49738168716431 
1335093278.6686 212 2.4094603061676 2.71064281463623 
1335093278.82277 212 2.50246787071228 2.54038405418396 
1335093278.96345 212 2.50246787071228 2.69204878807068 
1335093279.06263 212 2.49231600761414 2.56784057617188 
1335093279.20359 212 2.46358251571655 2.51957297325134 
1335093279.32275 212 2.6696925163269 2.58448958396912 
1335093279.46269 212 2.49738168716431 2.49738168716431 
1335093279.60436 212 2.44062304496765 2.78117489814758 
1335093279.76478 212 2.42170333862305 2.57305979728699 
1335093279.92242 212 1.84747314453125 2.38750386238098 
1335093280.02285 212 1.81627750396729 2.04331231117249 
1335093280.16504 212 1.28783869743347 1.7423700094223 
1335093280.30497 212 1.21534299850464 1.6572859287262 
