1335092691.70087 212 0 0 
1335092691.82073 212 1.55416774749756 3.90437269210815 
1335092691.95918 212 1.64568793773651 3.23462796211243 
1335092692.11958 212 1.85741996765137 3.07042908668518 
1335092692.25949 212 1.93163526058197 3.12470412254333 
1335092692.4209 212 2.12276577949524 2.99461603164673 
1335092692.51957 212 2.31200408935547 2.72892284393311 
1335092692.65904 212 2.22035765647888 2.84661245346069 
1335092692.75976 212 2.27961373329163 2.6975429058075 
1335092692.8599 212 2.43531537055969 2.73972988128662 
1335092693.01932 212 2.49896883964539 2.57469511032104 
1335092693.16002 212 2.44621634483337 2.67377138137817 
1335092693.25968 212 2.50071716308594 2.55755162239075 
1335092693.35913 212 2.38568258285522 2.68862652778625 
1335092693.46008 212 2.28439044952393 2.58398246765137 
1335092693.61923 212 2.46674966812134 2.58059978485107 
1335092693.75918 212 2.50454020500183 2.39069747924805 
1335092693.90034 212 2.60841393470764 2.49500465393066 
1335092694.05975 212 2.57436800003052 2.53650975227356 
1335092694.21966 212 2.57175302505493 2.49611330032349 
1335092694.36207 212 2.39435791969299 2.79341745376587 
1335092694.45954 212 2.46742224693298 2.58218622207642 
1335092694.59946 212 2.44155335426331 2.66867470741272 
1335092694.75961 212 2.53264689445496 2.41924476623535 
1335092694.91925 212 2.46423816680908 2.46423816680908 
1335092695.06269 212 2.61388754844666 2.50024008750916 
1335092695.19914 212 2.66461133956909 2.55122351646423 
1335092695.35978 212 2.57404088973999 2.57404088973999 
1335092695.4605 212 2.63254380226135 2.46450901031494 
1335092695.62012 212 2.533611536026 2.45798134803772 
1335092695.75955 212 2.5779721736908 2.42632675170898 
1335092695.85925 212 2.5018310546875 2.53973746299744 
1335092695.95968 212 2.68419027328491 2.45735740661621 
1335092696.05964 212 2.54637694358826 2.43320465087891 
1335092696.21952 212 2.57764410972595 2.5018310546875 
1335092696.35972 212 2.50454020500183 2.6753044128418 
1335092696.45941 212 2.42570924758911 2.6531195640564 
1335092696.56111 212 2.57044768333435 2.45704555511475 
1335092696.72126 212 2.61056733131409 2.57273316383362 
1335092696.85945 212 2.49168419837952 2.43505501747131 
1335092696.99939 212 2.5093355178833 2.73745679855347 
1335092697.15928 212 2.57502245903015 2.42355060577393 
1335092697.31967 212 2.54038405418396 2.69204878807068 
1335092697.46035 212 2.74508309364319 2.29690623283386 
1335092697.5998 212 2.44481563568115 2.55852794647217 
1335092697.69994 212 2.49500465393066 2.49500465393066 
1335092697.81915 212 2.69204878807068 2.50246787071228 
1335092697.95957 212 2.44761872291565 2.56146168708801 
1335092698.05978 212 2.61239242553711 2.44201898574829 
1335092698.19973 212 2.55073809623718 2.55073809623718 
1335092698.35987 212 2.64840173721313 2.42139577865601 
1335092698.52176 212 2.53909134864807 2.69067883491516 
1335092698.6592 212 2.56391143798828 2.73483872413635 
1335092698.79963 212 2.78276586532593 2.15806317329407 
1335092698.96053 212 2.77366852760315 2.51129460334778 
1335092699.11943 212 2.61621642112732 2.4645516872406 
1335092699.25961 212 2.4485547542572 2.5054976940155 
1335092699.39956 212 2.55268120765686 2.49595475196838 
1335092699.50144 212 2.44621634483337 2.61688280105591 
1335092699.61991 212 2.53618741035461 2.46048021316528 
1335092699.71984 212 2.68419027328491 2.38174629211426 
1335092699.85951 212 2.33154845237732 2.72961759567261 
1335092699.95948 212 2.196622133255 2.72684121131897 
1335092700.10061 212 2.79341745376587 2.56538343429565 
1335092700.21933 212 2.50406169891357 2.54200196266174 
1335092700.36024 212 2.38841533660889 2.55901646614075 
1335092700.51941 212 2.80009460449219 2.42170333862305 
1335092700.6631 212 2.65616130828857 2.50438070297241 
1335092700.7593 212 2.39940929412842 2.66601037979126 
1335092700.85973 212 2.76431941986084 2.3694167137146 
1335092701.01989 212 2.60990428924561 2.49643015861511 
1335092701.15981 212 2.50071716308594 2.50071716308594 
1335092701.3002 212 2.33466839790344 2.67632722854614 
1335092701.41992 212 2.65379476547241 2.5779721736908 
1335092701.5216 212 2.36707377433777 2.55796694755554 
1335092701.65954 212 2.56146168708801 2.61838293075562 
1335092701.75998 212 2.55706381797791 2.50024008750916 
1335092701.90087 212 2.54879784584045 2.37887811660767 
1335092702.01958 212 2.54621815681458 2.54621815681458 
1335092702.15974 212 2.73274779319763 2.33422207832336 
1335092702.2597 212 2.57672595977783 2.46220469474792 
1335092702.39939 212 2.61239242553711 2.44201898574829 
1335092702.50027 212 2.4940550327301 2.4940550327301 
1335092702.6195 212 2.53650975227356 2.61222624778748 
1335092702.75966 212 2.65752983093262 2.54444360733032 
1335092702.91963 212 2.19439005851746 2.79973888397217 
1335092703.06153 212 2.61222624778748 2.34721779823303 
1335092703.15997 212 2.38416719436646 2.61123061180115 
1335092703.3196 212 2.42694449424744 2.69239163398743 
1335092703.46069 212 2.69565176963806 2.41485476493835 
1335092703.60197 212 2.43783593177795 2.72130513191223 
1335092703.69961 212 2.54782891273499 2.54782891273499 
1335092703.81983 212 2.50374269485474 2.54167819023132 
1335092703.95999 212 2.60642910003662 2.54976773262024 
1335092704.11967 212 2.31200408935547 2.69102120399475 
1335092704.25958 212 2.76365971565247 2.49865126609802 
1335092704.42125 212 2.54103112220764 2.42725348472595 
1335092704.51968 212 2.6531195640564 2.42570924758911 
1335092704.65986 212 2.39115428924561 2.56195116043091 
1335092704.79981 212 2.49263191223145 2.49263191223145 
1335092704.90296 212 2.55999398231506 2.50310516357422 
1335092705.02016 212 2.57502245903015 2.49928665161133 
1335092705.11984 212 2.41801738739014 2.56914353370667 
1335092705.25978 212 2.67173051834106 2.44434905052185 
1335092705.40122 212 2.32710552215576 2.83793377876282 
1335092705.55989 212 2.68487191200256 2.30672097206116 
1335092705.72027 212 2.72961759567261 2.35050392150879 
1335092705.86046 212 2.50262713432312 2.50262713432312 
1335092705.99988 212 2.6113965511322 2.38431859016418 
1335092706.10004 212 2.55755162239075 2.55755162239075 
1335092706.22026 212 2.49643015861511 2.49643015861511 
1335092706.3604 212 2.56489253044128 2.6218900680542 
1335092706.45987 212 2.61788272857666 2.33333015441895 
1335092706.59955 212 2.44155335426331 2.78223538398743 
1335092706.69976 212 2.49785757064819 2.49785757064819 
1335092706.86017 212 2.41955184936523 2.53296828269958 
1335092706.9601 212 2.53529953956604 2.42261958122253 
1335092707.11951 212 2.49769902229309 2.49769902229309 
1335092707.27018 212 2.56195116043091 2.44808673858643 
1335092707.35962 212 2.46612143516541 2.54200196266174 
1335092707.46081 212 2.36181235313416 2.58674693107605 
1335092707.62021 212 2.70236849784851 2.43593788146973 
1335092707.72042 212 2.44432759284973 2.44432759284973 
1335092707.85986 212 2.50262713432312 2.50262713432312 
1335092707.96156 212 2.50024008750916 2.68965220451355 
1335092708.11945 212 2.38993620872498 2.57961368560791 
1335092708.25959 212 2.44155335426331 2.72545504570007 
1335092708.3998 212 2.61438608169556 2.67122054100037 
1335092708.55995 212 2.69102120399475 2.38780760765076 
1335092708.6599 212 2.72407031059265 2.38356161117554 
1335092708.82055 212 2.72857570648193 2.46329760551453 
1335092708.92023 212 2.08937931060791 2.84915375709534 
1335092709.06001 212 2.61638307571411 2.38887143135071 
1335092709.20111 212 2.6113965511322 2.49785757064819 
1335092709.36028 212 2.40550780296326 2.63102412223816 
1335092709.46023 212 2.74250411987305 2.35071778297424 
1335092709.62109 212 2.50246787071228 2.69204878807068 
1335092709.76228 212 2.44062304496765 2.61089897155762 
1335092709.90068 212 2.50310516357422 2.67377138137817 
1335092710.0199 212 2.50310516357422 2.54103112220764 
1335092710.16131 212 2.61688280105591 2.44621634483337 
1335092710.31973 212 2.6862359046936 2.45923018455505 
1335092710.46017 212 2.61123061180115 2.38416719436646 
1335092710.61956 212 2.57698822021484 2.42540073394775 
1335092710.75973 212 2.44434905052185 2.67173051834106 
1335092710.87014 212 2.55657601356506 2.55657601356506 
1335092710.96039 212 2.63800024986267 2.52574491500854 
1335092711.10026 212 2.38932776451111 2.67377138137817 
1335092711.22024 212 2.34960699081421 2.53909134864807 
1335092711.36237 212 2.67326092720032 2.44574928283691 
1335092711.46034 212 2.65048599243164 2.36851954460144 
1335092711.60079 212 2.46636414527893 2.63452529907227 
1335092711.76095 212 2.64437103271484 2.37993407249451 
1335092711.92607 212 2.16177272796631 2.16177272796631 
1335092712.06003 212 1.47713279724121 1.53394567966461 
1335092712.1997 212 1.53511679172516 1.42140448093414 
1335092712.35934 212 1.69704246520996 1.11850523948669 
1335092712.48831 212 1.54746544361115 1.10784459114075 
1335092712.58996 212 8.91450881958008 -6.98397827148438 
1335092712.75038 212 6.48033857345581 -6.48033857345581 
1335092712.9098 212 6.68309116363525 -6.75860595703125 
1335092713.01023 212 5.36397695541382 -5.40148735046387 
1335092713.15016 212 5.45402908325195 -2.61338877677917 
1335092713.28983 212 5.86178064346313 -0.910567879676819 
1335092713.41001 212 5.16383123397827 0 
1335092713.50969 212 4.35426378250122 0.530084311962128 
1335092713.64988 212 3.94227910041809 1.06138288974762 
1335092713.74984 212 3.86302495002747 1.36342060565948 
1335092713.91146 212 3.70540904998779 1.32336044311523 
1335092714.05015 212 3.18577027320862 1.87732887268066 
1335092714.1496 212 3.00820970535278 2.10007095336914 
1335092714.25205 212 2.8309211730957 2.26473689079285 
1335092714.38972 212 2.89800572395325 2.04565095901489 
1335092714.51013 212 2.73833060264587 2.35800695419312 
1335092714.61063 212 3.01487374305725 2.22346925735474 
1335092714.74977 212 2.61538410186768 2.44481563568115 
1335092714.84997 212 2.67265725135803 2.48444175720215 
1335092714.98989 212 2.67122054100037 2.44388270378113 
1335092715.11005 212 2.81691312789917 2.24591708183289 
1335092715.21053 212 2.68862652778625 2.42355060577393 
1335092715.34994 212 2.61388754844666 2.38659286499023 
1335092715.49212 212 2.53290414810181 2.58919072151184 
1335092715.64975 212 2.57469511032104 2.42324256896973 
1335092715.81018 212 2.69067883491516 2.31171011924744 
1335092715.94985 212 2.49928665161133 2.44248461723328 
1335092716.09 212 2.67173051834106 2.44434905052185 
1335092716.25021 212 2.49611330032349 2.60957288742065 
1335092716.40957 212 2.61255836486816 2.46110582351685 
1335092716.51129 212 2.61056733131409 2.49706435203552 
1335092716.64997 212 2.4648654460907 2.50278663635254 
1335092716.79077 212 2.50454020500183 2.44761872291565 
1335092716.90981 212 2.61322283744812 2.57535004615784 
1335092717.01026 212 2.36971592903137 2.59540295600891 
1335092717.15069 212 2.5011944770813 2.44434905052185 
1335092717.29059 212 2.49976325035095 2.55657601356506 
1335092717.45129 212 2.533611536026 2.49579644203186 
1335092717.60994 212 2.65042161941528 2.49896883964539 
1335092717.71039 212 2.45985507965088 2.5355429649353 
1335092717.85006 212 2.55852794647217 2.50167179107666 
1335092717.99023 212 2.38477301597595 2.61189436912537 
1335092718.11039 212 2.42725348472595 2.54103112220764 
1335092718.20983 212 2.45735740661621 2.64638495445251 
1335092718.31029 212 2.53039908409119 2.53039908409119 
1335092718.45022 212 2.44341659545898 2.50024008750916 
1335092718.59036 212 2.44295048713684 2.55657601356506 
1335092718.69034 212 2.49073719978333 2.49073719978333 
1335092718.8101 212 2.53941440582275 2.46361088752747 
1335092718.95195 212 2.44621634483337 2.50310516357422 
1335092719.05064 212 2.48083639144897 2.48083639144897 
1335092719.1898 212 2.61588358879089 2.5021493434906 
1335092719.30998 212 2.61688280105591 2.42725348472595 
1335092719.45041 212 2.55560111999512 2.55560111999512 
1335092719.60982 212 2.57273316383362 2.42139577865601 
1335092719.75174 212 2.53973746299744 2.42601799964905 
1335092719.8507 212 2.64169096946716 2.56621408462524 
1335092720.01158 212 2.57666039466858 2.4250922203064 
1335092720.14977 212 2.78223538398743 2.38477301597595 
1335092720.28993 212 2.49690580368042 2.44015789031982 
1335092720.39064 212 2.54010391235352 2.54010391235352 
1335092720.51155 212 2.72927021980286 2.5018310546875 
1335092720.651 212 2.5604829788208 2.5604829788208 
1335092720.81191 212 2.42170333862305 2.42170333862305 
1335092720.95033 212 2.65887093544006 2.39298391342163 
1335092721.05037 212 2.49674725532532 2.53457689285278 
1335092721.20991 212 2.57502245903015 2.53715467453003 
1335092721.34986 212 2.38613772392273 2.61338877677917 
1335092721.49079 212 2.55268120765686 2.49595475196838 
1335092721.65343 212 2.57469511032104 2.5368320941925 
1335092721.81033 212 2.34930801391602 2.65244460105896 
1335092721.91005 212 2.42170333862305 2.57305979728699 
1335092722.05022 212 2.55999398231506 2.55999398231506 
1335092722.1956 212 2.5560884475708 2.6696925163269 
1335092722.31131 212 2.4238588809967 2.61322283744812 
1335092722.45001 212 2.44341659545898 2.55706381797791 
1335092722.61042 212 2.52431797981262 2.52431797981262 
1335092722.75184 212 2.55706381797791 2.55706381797791 
1335092722.85027 212 2.44896507263184 2.63734722137451 
1335092723.00966 212 2.53876829147339 2.5008761882782 
1335092723.15036 212 2.69921398162842 2.58674693107605 
1335092723.2903 212 2.44015789031982 2.49690580368042 
1335092723.39097 212 2.52004671096802 2.46404576301575 
1335092723.55165 212 2.64068722724915 2.60296320915222 
1335092723.7103 212 2.49833369255066 2.53618741035461 
1335092723.85047 212 2.63800024986267 2.63800024986267 
1335092723.98989 212 2.44528245925903 2.5021493434906 
1335092724.11032 212 2.5021493434906 2.5400607585907 
1335092724.25051 212 2.56244087219238 2.5054976940155 
1335092724.41029 212 2.53586506843567 2.46016764640808 
1335092724.55084 212 2.42570924758911 2.61521792411804 
1335092724.69001 212 2.66918349266052 2.44201898574829 
1335092724.80991 212 2.53844547271729 2.53844547271729 
1335092724.91063 212 2.49168419837952 2.45393133163452 
1335092725.04981 212 2.63297414779663 2.57573556900024 
1335092725.19026 212 2.49833369255066 2.66867470741272 
1335092725.31039 212 2.54038405418396 2.50246787071228 
1335092725.44983 212 2.55755162239075 2.67122054100037 
1335092725.55078 212 2.42261958122253 2.47895956039429 
1335092725.68993 212 2.55414032936096 2.55414032936096 
1335092725.7912 212 2.58528256416321 2.69768619537354 
1335092725.91807 212 2.42540073394775 2.57698822021484 
1335092726.05025 212 2.44761872291565 2.56146168708801 
1335092726.21066 212 2.68350911140442 2.49452972412109 
1335092726.35008 212 2.5015127658844 2.5015127658844 
1335092726.45005 212 2.45985507965088 2.49769902229309 
1335092726.61091 212 2.63834834098816 2.56296682357788 
1335092726.75086 212 2.38250231742859 2.55268120765686 
1335092726.89003 212 2.62088704109192 2.50693559646606 
1335092727.05022 212 2.45891785621643 2.49674725532532 
1335092727.21033 212 2.49738168716431 2.45954251289368 
1335092727.35003 212 2.61838293075562 2.50454020500183 
1335092727.51092 212 2.57404088973999 2.46048021316528 
1335092727.64985 212 2.46048021316528 2.53618741035461 
1335092727.75056 212 2.48758554458618 2.63834834098816 
1335092727.91129 212 2.61521792411804 2.57731604576111 
1335092728.04989 212 2.38568258285522 2.38568258285522 
1335092728.15109 212 2.65008473396301 2.65008473396301 
1335092728.28999 212 2.44481563568115 2.50167179107666 
1335092728.40992 212 2.54621815681458 2.47021174430847 
1335092728.51065 212 2.61189436912537 2.49833369255066 
1335092728.65033 212 2.55999398231506 2.50310516357422 
1335092728.79022 212 2.55755162239075 2.50071716308594 
1335092728.88995 212 2.55852794647217 2.44481563568115 
1335092729.01033 212 2.49010610580444 2.56556391716003 
1335092729.15003 212 2.55803966522217 2.5011944770813 
1335092729.29047 212 2.49976325035095 2.49976325035095 
1335092729.4506 212 2.57371377944946 2.53586506843567 
1335092729.55029 212 2.56653928756714 2.49105286598206 
1335092729.71047 212 2.42231893539429 2.64941120147705 
1335092729.85164 212 2.55803966522217 2.67173051834106 
1335092729.9908 212 2.59163951873779 2.59163951873779 
1335092730.1502 212 2.59050107002258 2.55240535736084 
1335092730.25168 212 2.48177599906921 2.53817987442017 
1335092730.41285 212 2.4250922203064 2.61455249786377 
1335092730.55051 212 2.54038405418396 2.50246787071228 
1335092730.69041 212 2.50310516357422 2.55999398231506 
1335092730.81034 212 2.55175280570984 2.58983850479126 
1335092730.95078 212 2.44668364524841 2.5035834312439 
1335092731.05197 212 2.55511403083801 2.55511403083801 
1335092731.1904 212 2.49928665161133 2.49928665161133 
1335092731.31007 212 2.57961368560791 2.57961368560791 
1335092731.45039 212 2.50310516357422 2.44621634483337 
1335092731.5507 212 2.56391143798828 2.50693559646606 
1335092731.69014 212 2.55414032936096 2.49738168716431 
1335092731.85053 212 2.53779983520508 2.49992227554321 
1335092731.95046 212 2.48632717132568 2.52399873733521 
1335092732.11014 212 2.57666039466858 2.5008761882782 
1335092732.25131 212 2.67581558227539 2.50501894950867 
1335092732.35051 212 2.46329760551453 2.57698822021484 
1335092732.45072 212 2.51270294189453 2.51270294189453 
1335092732.55062 212 2.48742818832397 2.48742818832397 
1335092732.71006 212 2.5355429649353 2.45985507965088 
1335092732.85023 212 2.5560884475708 2.5560884475708 
1335092732.99017 212 2.6113965511322 2.38431859016418 
1335092733.15004 212 2.53328990936279 2.64672088623047 
1335092733.31078 212 2.50055813789368 2.46267104148865 
1335092733.45115 212 2.49785757064819 2.49785757064819 
1335092733.55085 212 2.53007841110229 2.49231600761414 
1335092733.69201 212 2.33065843582153 2.33065843582153 
1335092733.81093 212 2.55371189117432 2.59182691574097 
1335092733.91118 212 2.57273316383362 2.45923018455505 
1335092734.05082 212 2.56342101097107 2.50645613670349 
1335092734.19199 212 2.66511845588684 2.60841393470764 
1335092734.35064 212 2.57175302505493 2.53393316268921 
1335092734.51005 212 2.49896883964539 2.68828463554382 
1335092734.61077 212 2.68248796463013 2.45579886436462 
1335092734.75044 212 2.38795948028564 2.38795948028564 
1335092734.85036 212 2.60857939720154 2.57077383995056 
1335092734.95109 212 2.48632717132568 2.52399873733521 
1335092735.11073 212 2.57830023765564 2.4645516872406 
1335092735.21167 212 2.42231893539429 2.57371377944946 
1335092735.3506 212 2.61621642112732 2.42663550376892 
1335092735.45003 212 2.51624059677124 2.55436563491821 
1335092735.55201 212 2.5720796585083 2.45860552787781 
1335092735.71062 212 2.59180283546448 2.44155335426331 
1335092735.85057 212 2.5560884475708 2.44248461723328 
1335092735.99023 212 2.38659286499023 2.61388754844666 
1335092736.15039 212 2.57240629196167 2.61023592948914 
1335092736.25081 212 2.51161050796509 2.54909729957581 
1335092736.4105 212 2.61222624778748 2.53650975227356 
1335092736.51067 212 2.45860552787781 2.5720796585083 
1335092736.65062 212 2.50246787071228 2.50246787071228 
1335092736.75034 212 2.64941120147705 2.46016764640808 
1335092736.91045 212 2.49896883964539 2.61255836486816 
1335092737.05015 212 2.6218900680542 2.56489253044128 
1335092737.19034 212 2.55365371704102 2.49690580368042 
1335092737.35172 212 2.46110582351685 2.49896883964539 
1335092737.4509 212 2.39298391342163 2.7728226184845 
1335092737.55062 212 2.54396057128906 2.48742818832397 
1335092737.71003 212 2.46235775947571 2.53812265396118 
1335092737.8502 212 2.72892284393311 2.27410244941711 
1335092737.95018 212 2.53618741035461 2.49833369255066 
1335092738.05057 212 2.54782891273499 2.49121069908142 
1335092738.21025 212 2.53715467453003 2.49928665161133 
1335092738.31021 212 2.46392440795898 2.53973746299744 
1335092738.45038 212 2.5011944770813 2.61488509178162 
1335092738.59028 212 2.44295048713684 2.61338877677917 
1335092738.71071 212 2.5059769153595 2.39206886291504 
1335092738.85065 212 2.44155335426331 2.49833369255066 
1335092739.01031 212 2.64974784851074 2.57404088973999 
1335092739.15023 212 2.43531537055969 2.51141905784607 
1335092739.25019 212 2.53715467453003 2.49928665161133 
1335092739.41135 212 2.57698822021484 2.46329760551453 
1335092739.51478 212 2.61189436912537 2.57404088973999 
1335092739.65047 212 2.56391143798828 2.44995975494385 
1335092739.79052 212 2.67377138137817 2.61688280105591 
1335092739.91155 212 2.54297375679016 2.50501894950867 
1335092740.05023 212 2.50024008750916 2.55706381797791 
1335092740.21015 212 2.46267104148865 2.50055813789368 
1335092740.35282 212 2.53941440582275 2.57731604576111 
1335092740.4505 212 2.43500447273254 2.51109838485718 
1335092740.61069 212 2.49896883964539 2.57469511032104 
1335092740.75085 212 2.22078204154968 2.16383910179138 
1335092740.85055 212 2.89634799957275 2.55560111999512 
1335092740.99025 212 2.55950522422791 2.50262713432312 
1335092741.11239 212 2.38902354240417 2.73031258583069 
1335092741.25082 212 2.88096833229065 2.54203081130981 
1335092741.41023 212 2.46298408508301 2.57666039466858 
1335092741.55065 212 2.57764410972595 2.5018310546875 
1335092741.65212 212 2.67367076873779 2.41006946563721 
1335092741.81081 212 2.39206886291504 2.5059769153595 
1335092741.91045 212 2.61089897155762 2.383864402771 
1335092742.05038 212 2.61688280105591 2.50310516357422 
1335092742.1923 212 2.61688280105591 2.50310516357422 
1335092742.31297 212 2.58851456642151 2.47431540489197 
1335092742.45091 212 2.49976325035095 2.61338877677917 
1335092742.61057 212 2.57338666915894 2.42201113700867 
1335092742.75073 212 2.4648654460907 2.5407075881958 
1335092742.85044 212 2.57240629196167 2.53457689285278 
1335092743.01058 212 2.68862652778625 2.46141862869263 
1335092743.15077 212 2.50406169891357 2.56097221374512 
1335092743.25096 212 2.31300187110901 2.59507536888123 
1335092743.39113 212 2.38341021537781 2.72389721870422 
1335092743.51079 212 2.53747725486755 2.53747725486755 
1335092743.65099 212 2.50645613670349 2.56342101097107 
1335092743.81366 212 2.5008761882782 2.53876829147339 
1335092743.93033 212 2.66562604904175 2.49547958374023 
1335092744.05403 212 2.65042161941528 2.49896883964539 
1335092744.2124 212 2.53876829147339 2.53876829147339 
1335092744.35285 212 2.50262713432312 2.61638307571411 
1335092744.49079 212 2.55170917510986 2.55170917510986 
1335092744.65043 212 2.53973746299744 2.57764410972595 
1335092744.81082 212 2.53876829147339 2.5008761882782 
1335092744.91081 212 2.49136853218079 2.49136853218079 
1335092745.05146 212 2.56489253044128 2.50789499282837 
1335092745.19037 212 2.38341021537781 2.49690580368042 
1335092745.35081 212 2.53812265396118 2.61388754844666 
1335092745.51068 212 2.64974784851074 2.49833369255066 
1335092745.65038 212 2.44715118408203 2.56097221374512 
1335092745.75083 212 2.46298408508301 2.65244460105896 
1335092745.89059 212 2.61388754844666 2.50024008750916 
1335092746.01066 212 2.50246787071228 2.50246787071228 
1335092746.15085 212 2.50262713432312 2.55950522422791 
1335092746.25155 212 2.60940742492676 2.49595475196838 
1335092746.39071 212 2.49976325035095 2.49976325035095 
1335092746.55041 212 2.61189436912537 2.53618741035461 
1335092746.7111 212 2.46235775947571 2.46235775947571 
1335092746.85047 212 2.55560111999512 2.55560111999512 
1335092746.99038 212 2.55414032936096 2.49738168716431 
1335092747.15106 212 2.44896507263184 2.44896507263184 
1335092747.3107 212 2.49865126609802 2.46079301834106 
1335092747.45089 212 2.55414032936096 2.55414032936096 
1335092747.5958 212 2.49738168716431 2.49738168716431 
1335092747.75046 212 2.57175302505493 2.7230327129364 
1335092747.91039 212 2.57567739486694 2.38628935813904 
1335092748.05105 212 2.44295048713684 2.44295048713684 
1335092748.19071 212 2.44388270378113 2.50071716308594 
1335092748.35191 212 2.49706435203552 2.57273316383362 
1335092748.51052 212 2.6862359046936 2.57273316383362 
1335092748.65097 212 2.49928665161133 2.5560884475708 
1335092748.7912 212 2.64647769927979 2.47755360603333 
1335092748.95081 212 2.61089897155762 2.42170333862305 
1335092749.11047 212 2.46110582351685 2.61255836486816 
1335092749.21042 212 2.57404088973999 2.53618741035461 
1335092749.35084 212 2.44248461723328 2.49928665161133 
1335092749.49052 212 2.55414032936096 2.49738168716431 
1335092749.61067 212 2.69342017173767 2.46580719947815 
1335092749.75035 212 2.50454020500183 2.61838293075562 
1335092749.89078 212 2.61089897155762 2.55414032936096 
1335092750.05068 212 2.4645516872406 2.50246787071228 
1335092750.15189 212 2.48632717132568 2.48632717132568 
1335092750.31081 212 2.54589343070984 2.54589343070984 
1335092750.41124 212 2.44371056556702 2.59409284591675 
1335092750.55241 212 2.44808673858643 2.56195116043091 
1335092750.65109 212 2.49960446357727 2.49960446357727 
1335092750.75057 212 2.64672088623047 2.60891056060791 
1335092750.91046 212 2.42601799964905 2.46392440795898 
1335092751.05438 212 2.4988100528717 2.61239242553711 
1335092751.19081 212 2.55657601356506 2.49976325035095 
1335092751.35147 212 2.52431797981262 2.48664164543152 
1335092751.5109 212 2.57404088973999 2.53618741035461 
1335092751.65055 212 2.56342101097107 2.50645613670349 
1335092751.75076 212 2.57227563858032 2.57227563858032 
1335092751.89113 212 2.90298986434937 2.78914713859558 
1335092752.01033 212 2.38902354240417 2.42694449424744 
1335092752.15077 212 2.55462718009949 2.55462718009949 
1335092752.25172 212 2.58528256416321 2.52908086776733 
1335092752.39164 212 2.41941618919373 2.70074367523193 
1335092752.55135 212 2.57110023498535 2.53328990936279 
1335092752.7122 212 2.45985507965088 2.64907455444336 
1335092752.85113 212 2.49928665161133 2.38568258285522 
1335092752.99104 212 2.43922853469849 2.72285985946655 
1335092753.1507 212 2.5355429649353 2.49769902229309 
1335092753.31063 212 2.57731604576111 2.57731604576111 
1335092753.4543 212 2.49928665161133 2.5560884475708 
1335092753.59071 212 2.50789499282837 2.50789499282837 
1335092753.69142 212 2.50024008750916 2.61388754844666 
1335092753.81058 212 2.47273540496826 2.51077747344971 
1335092753.91053 212 2.49611330032349 2.57175302505493 
1335092754.05072 212 2.56097221374512 2.73170375823975 
1335092754.1914 212 2.49452972412109 2.43783593177795 
1335092754.35083 212 2.49992227554321 2.46204471588135 
1335092754.45098 212 2.62389850616455 2.33869218826294 
1335092754.61091 212 2.53973746299744 2.5018310546875 
1335092754.71087 212 2.49928665161133 2.61289048194885 
1335092754.85053 212 2.49643015861511 2.55316734313965 
1335092754.95146 212 2.53973746299744 2.5018310546875 
1335092755.05341 212 2.52112913131714 2.55875778198242 
1335092755.21107 212 2.53522086143494 2.49738168716431 
1335092755.35081 212 2.67173051834106 2.78542113304138 
1335092755.4909 212 2.49928665161133 2.5560884475708 
1335092755.65082 212 2.60692501068115 2.49358034133911 
1335092755.81176 212 2.53844547271729 2.42478370666504 
1335092755.95103 212 2.38568258285522 2.5560884475708 
1335092756.09134 212 2.48979091644287 2.54637694358826 
1335092756.25123 212 2.41373133659363 2.64001846313477 
1335092756.35146 212 2.42675065994263 2.7089307308197 
1335092756.51112 212 2.49547958374023 2.49547958374023 
1335092756.65078 212 2.53909134864807 2.46329760551453 
1335092756.79094 212 2.59212970733643 2.53577899932861 
1335092756.91112 212 2.54491949081421 2.62088704109192 
1335092757.0508 212 2.50789499282837 2.6218900680542 
1335092757.19124 212 2.66765761375427 2.49738168716431 
1335092757.35213 212 2.57750153541565 2.50279140472412 
1335092757.51078 212 2.4721040725708 2.5101363658905 
1335092757.65223 212 2.39024066925049 2.78861427307129 
1335092757.81088 212 2.46016764640808 2.42231893539429 
1335092757.95181 212 2.6534571647644 2.57764410972595 
1335092758.05153 212 2.42355060577393 2.65075850486755 
1335092758.21168 212 2.45742344856262 2.53189086914062 
1335092758.35085 212 2.50501894950867 2.56195116043091 
1335092758.49075 212 2.44155335426331 2.55511403083801 
1335092758.65169 212 2.56134629249573 2.67434692382812 
1335092758.81106 212 2.5018310546875 2.5018310546875 
1335092758.91077 212 2.42478370666504 2.57633256912231 
1335092759.0527 212 2.61289048194885 2.61289048194885 
1335092759.19111 212 2.5560884475708 2.6696925163269 
1335092759.31104 212 2.42787170410156 2.50374269485474 
1335092759.45072 212 2.61189436912537 2.61189436912537 
1335092759.61089 212 2.45954251289368 2.61089897155762 
1335092759.75056 212 2.27439188957214 2.72927021980286 
1335092759.91071 212 2.42601799964905 2.57764410972595 
1335092760.05136 212 2.55706381797791 2.67071104049683 
1335092760.21205 212 2.57633256912231 2.50055813789368 
1335092760.35172 212 2.5011944770813 2.69067883491516 
1335092760.45143 212 2.41617870330811 2.64269542694092 
1335092760.61125 212 2.46204471588135 2.61355495452881 
1335092760.71102 212 2.41985893249512 2.68453097343445 
1335092760.81222 212 2.44710803031921 2.67299485206604 
1335092760.95089 212 2.2749707698822 2.72996497154236 
1335092761.05236 212 2.26977038383484 2.49674725532532 
1335092761.21523 212 1.7793425321579 2.00649261474609 
1335092761.35092 212 1.53423821926117 1.87518012523651 
1335092761.4906 212 1.11014533042908 1.63600361347198 
1335092761.59104 212 -2.79288291931152 4.27482080459595 
1335092761.71097 212 -8.01060485839844 7.69813442230225 
1335092761.85115 212 -6.7818169593811 6.74392938613892 
1335092761.9913 212 -6.64583015441895 6.58902835845947 
1335092762.11076 212 -5.98618459701538 5.75886106491089 
1335092762.25142 212 -2.84226632118225 5.45715141296387 
1335092762.35112 212 -0.452002316713333 6.158531665802 
1335092762.49077 212 0 5.22977018356323 
1335092762.65194 212 0.644083142280579 4.58435678482056 
1335092762.81086 212 1.40147149562836 3.90139365196228 
1335092762.95228 212 1.52146744728088 3.77549338340759 
1335092763.09119 212 1.81974506378174 3.24142098426819 
1335092763.2509 212 1.89195585250854 3.25416398048401 
1335092763.35479 212 1.92992103099823 3.08787369728088 
1335092763.51472 212 2.04539084434509 2.76506543159485 
1335092763.65239 212 2.27728986740112 2.84661245346069 
1335092763.7511 212 2.31171011924744 2.65278196334839 
1335092763.89102 212 2.10568833351135 2.78861427307129 
1335092764.01068 212 2.39910244941711 2.77991247177124 
1335092764.11141 212 2.30584263801575 2.64604902267456 
1335092764.21233 212 2.45988345146179 2.75805115699768 
1335092764.35101 212 2.44621634483337 2.73066020011902 
1335092764.49093 212 2.49928665161133 2.5560884475708 
1335092764.61185 212 2.43593788146973 2.62624549865723 
1335092764.75078 212 2.50501894950867 2.50501894950867 
1335092764.85098 212 2.52043437957764 2.69228219985962 
1335092764.99166 212 2.38114190101624 2.66461133956909 
1335092765.15233 212 2.63801455497742 2.4495849609375 
1335092765.31122 212 2.5018310546875 2.5018310546875 
1335092765.45115 212 2.44248461723328 2.5560884475708 
1335092765.59355 212 2.56195116043091 2.50501894950867 
1335092765.69075 212 2.44434905052185 2.55803966522217 
1335092765.81092 212 2.43282914161682 2.584881067276 
1335092765.912 212 2.67909002304077 2.45268797874451 
1335092766.05107 212 2.49452972412109 2.55122351646423 
1335092766.19097 212 2.66562604904175 2.49547958374023 
1335092766.35242 212 2.49928665161133 2.65075850486755 
1335092766.51158 212 2.57567739486694 2.49992227554321 
1335092766.6508 212 2.61388754844666 2.8411819934845 
1335092766.75168 212 2.49452972412109 2.60791730880737 
1335092766.8911 212 2.50406169891357 2.50406169891357 
1335092767.01077 212 2.5152747631073 2.47716474533081 
1335092767.1513 212 2.44528245925903 2.5021493434906 
1335092767.31136 212 2.53715467453003 2.68862652778625 
1335092767.45129 212 2.57895684242249 2.50310516357422 
1335092767.59224 212 2.55999398231506 2.50310516357422 
1335092767.71237 212 2.57110023498535 2.49547958374023 
1335092767.85107 212 2.61388754844666 2.50024008750916 
1335092767.99097 212 2.55706381797791 2.72753477096558 
1335092768.15118 212 2.57240629196167 2.57240629196167 
1335092768.25387 212 2.53866076469421 2.65148997306824 
1335092768.41075 212 2.57895684242249 2.46517944335938 
1335092768.51143 212 2.68862652778625 2.46141862869263 
1335092768.65087 212 2.50310516357422 2.67377138137817 
1335092768.75182 212 2.48610043525696 2.60173296928406 
1335092768.89173 212 2.60197448730469 2.48884510993958 
1335092769.05114 212 2.45082521438599 2.48853015899658 
1335092769.21396 212 2.68794298171997 2.46079301834106 
1335092769.35099 212 2.50024008750916 2.50024008750916 
1335092769.49141 212 2.53290414810181 2.47661733627319 
1335092769.65329 212 2.60296320915222 2.52751493453979 
1335092769.81123 212 2.49865126609802 2.53650975227356 
1335092769.91142 212 2.53522086143494 2.49738168716431 
1335092770.0516 212 2.57830023765564 2.54038405418396 
1335092770.15107 212 2.61222624778748 2.49865126609802 
1335092770.25121 212 2.48884510993958 2.48884510993958 
1335092770.4114 212 2.68725991249084 2.42231893539429 
1335092770.55157 212 2.56097221374512 2.50406169891357 
1335092770.69123 212 2.50406169891357 2.50406169891357 
1335092770.8114 212 2.47653102874756 2.55273199081421 
1335092770.9521 212 2.54251289367676 2.59901332855225 
1335092771.05354 212 2.52804398536682 2.41812896728516 
1335092771.19145 212 2.71613550186157 2.43320465087891 
1335092771.35113 212 2.57305979728699 2.53522086143494 
1335092771.51326 212 2.49992227554321 2.49992227554321 
1335092771.61198 212 2.4879002571106 2.67637753486633 
1335092771.75141 212 2.57764410972595 2.46392440795898 
1335092771.89082 212 2.55999398231506 2.55999398231506 
1335092772.01124 212 2.5011944770813 2.46329760551453 
1335092772.15168 212 2.49928665161133 2.44248461723328 
1335092772.31135 212 2.72927021980286 2.61555051803589 
1335092772.45226 212 2.53779983520508 2.4241669178009 
1335092772.5517 212 2.61023592948914 2.42108821868896 
1335092772.71087 212 2.53522086143494 2.53522086143494 
1335092772.85105 212 2.44341659545898 2.61388754844666 
1335092772.99145 212 2.44528245925903 2.55901646614075 
1335092773.1516 212 2.49801635742188 2.49801635742188 
1335092773.31103 212 2.57567739486694 2.57567739486694 
1335092773.45121 212 2.67071104049683 2.55706381797791 
1335092773.55141 212 2.46392440795898 2.46392440795898 
1335092773.65184 212 2.64336538314819 2.53007841110229 
1335092773.81149 212 2.6215558052063 2.46958136558533 
1335092773.91149 212 2.49105286598206 2.60428237915039 
1335092774.05089 212 2.61588358879089 2.44528245925903 
1335092774.19305 212 2.7089307308197 2.59605860710144 
1335092774.31122 212 2.31760716438293 2.31760716438293 
1335092774.4509 212 2.55901646614075 2.44528245925903 
1335092774.61157 212 2.67705512046814 2.63935017585754 
1335092774.75124 212 2.54325842857361 2.62032699584961 
1335092774.85142 212 2.49611330032349 2.49611330032349 
1335092775.01226 212 2.50310516357422 2.54103112220764 
1335092775.15152 212 2.38932776451111 2.50310516357422 
1335092775.29168 212 2.70074367523193 2.58821272850037 
1335092775.45186 212 2.60428237915039 2.41556620597839 
1335092775.61172 212 2.49674725532532 2.53457689285278 
1335092775.71145 212 2.76015162467957 2.49547958374023 
1335092775.85113 212 2.50024008750916 2.44341659545898 
1335092775.99129 212 2.39206886291504 2.61988496780396 
1335092776.11121 212 2.76506543159485 2.49992227554321 
1335092776.21251 212 2.49928665161133 2.46141862869263 
1335092776.35235 212 2.55999398231506 2.44621634483337 
1335092776.49252 212 2.6696925163269 2.49928665161133 
1335092776.65194 212 2.48099303245544 2.48099303245544 
1335092776.81109 212 2.5822446346283 2.46832203865051 
1335092776.91388 212 2.56979537010193 2.60758662223816 
1335092777.05223 212 2.67814755439758 2.49216508865356 
1335092777.19088 212 2.61788272857666 2.39024066925049 
1335092777.31105 212 2.50246787071228 2.61621642112732 
1335092777.45124 212 2.49928665161133 2.44248461723328 
1335092777.61116 212 2.42601799964905 2.6534571647644 
1335092777.75357 212 2.69204878807068 2.50246787071228 
1335092777.85152 212 2.52304148674011 2.52304148674011 
1335092778.01168 212 2.53715467453003 2.46141862869263 
1335092778.1511 212 2.55999398231506 2.50310516357422 
1335092778.25155 212 2.57895684242249 2.65480852127075 
1335092778.39122 212 2.67275047302246 2.67275047302246 
1335092778.51138 212 2.53844547271729 2.42478370666504 
1335092778.6116 212 2.56329131126404 2.60098671913147 
1335092778.75152 212 2.72961759567261 2.44528245925903 
1335092778.85147 212 2.57502245903015 2.46141862869263 
1335092778.99115 212 2.50693559646606 2.44995975494385 
1335092779.11155 212 2.54103112220764 2.57895684242249 
1335092779.21127 212 2.46079301834106 2.49865126609802 
1335092779.35169 212 2.49928665161133 2.61289048194885 
1335092779.45189 212 2.38689637184143 2.61421990394592 
1335092779.59405 212 2.55316734313965 2.55316734313965 
1335092779.71122 212 2.45829343795776 2.57175302505493 
1335092779.85142 212 2.61388754844666 2.44341659545898 
1335092780.01121 212 2.68999433517456 2.42478370666504 
1335092780.151 212 2.54103112220764 2.50310516357422 
1335092780.25169 212 2.65075850486755 2.49928665161133 
1335092780.41159 212 2.54232573509216 2.46643543243408 
1335092780.51302 212 2.42108821868896 2.57240629196167 
1335092780.65172 212 2.73170375823975 2.50406169891357 
1335092780.79114 212 2.43598127365112 2.49263191223145 
1335092780.95154 212 2.46204471588135 2.61355495452881 
1335092781.11172 212 2.41312026977539 2.48853015899658 
1335092781.25114 212 2.44434905052185 2.78542113304138 
1335092781.39205 212 2.70687937736511 2.53769946098328 
1335092781.49174 212 2.46822190284729 2.63650989532471 
1335092781.61117 212 2.54816865921021 2.35800695419312 
1335092781.75286 212 2.49452972412109 2.43783593177795 
1335092781.91227 212 2.42047357559204 2.7230327129364 
1335092782.05144 212 2.8437135219574 2.4645516872406 
1335092782.15188 212 2.53650975227356 2.38507628440857 
1335092782.25189 212 2.48224592208862 2.76431941986084 
1335092782.41123 212 2.49865126609802 2.46079301834106 
1335092782.55182 212 2.61888337135315 2.50501894950867 
1335092782.65161 212 2.52140426635742 2.57870888710022 
1335092782.79152 212 2.50024008750916 2.50024008750916 
1335092782.95198 212 2.60957288742065 2.57175302505493 
1335092783.11158 212 2.65548467636108 2.38993620872498 
1335092783.21318 212 2.55469250679016 2.59282231330872 
1335092783.35148 212 2.49833369255066 2.49833369255066 
1335092783.45366 212 2.57502245903015 2.46141862869263 
1335092783.5516 212 2.61821627616882 2.58027100563049 
1335092783.71178 212 2.46267104148865 2.57633256912231 
1335092783.81229 212 2.63069224357605 2.36762309074402 
1335092783.95164 212 2.49928665161133 2.49928665161133 
1335092784.09223 212 2.50501894950867 2.61888337135315 
1335092784.21122 212 2.5101363658905 2.62423348426819 
1335092784.35142 212 2.48884510993958 2.48884510993958 
1335092784.49162 212 2.49547958374023 2.55219507217407 
1335092784.65174 212 2.65278196334839 2.31171011924744 
1335092784.75168 212 2.56523895263672 2.48979091644287 
1335092784.9116 212 2.68248796463013 2.45579886436462 
1335092785.05153 212 2.56489253044128 2.50789499282837 
1335092785.15148 212 2.57633256912231 2.50055813789368 
1335092785.2914 212 2.50406169891357 2.61788272857666 
1335092785.4118 212 2.6228940486908 2.39481616020203 
1335092785.51202 212 2.54816865921021 2.54816865921021 
1335092785.65218 212 2.50825762748718 2.45251846313477 
1335092785.79164 212 2.61488509178162 2.38750386238098 
1335092785.91154 212 2.34960699081421 2.69067883491516 
1335092786.0518 212 2.39024066925049 2.44715118408203 
1335092786.22063 212 2.49738168716431 2.61089897155762 
1335092786.35155 212 2.46580719947815 2.6175491809845 
1335092786.45251 212 2.48853015899658 2.45082521438599 
1335092786.61143 212 2.45579886436462 2.49358034133911 
1335092786.75209 212 2.49452972412109 2.55122351646423 
1335092786.89174 212 2.49928665161133 2.6696925163269 
1335092787.05194 212 2.52240371704102 2.63534712791443 
1335092787.2158 212 2.61089897155762 2.57305979728699 
1335092787.35175 212 2.44248461723328 2.5560884475708 
1335092787.4517 212 2.4645516872406 2.54038405418396 
1335092787.59212 212 2.73170375823975 2.39024066925049 
1335092787.71178 212 2.42787170410156 2.46580719947815 
1335092787.81325 212 2.5548849105835 2.59245681762695 
1335092787.95142 212 2.55706381797791 2.50024008750916 
1335092788.09158 212 2.61388754844666 2.55706381797791 
1335092788.25153 212 2.79796195030212 2.68453097343445 
1335092788.35242 212 2.30166792869568 2.24552965164185 
1335092788.51136 212 2.53393316268921 2.68521285057068 
1335092788.61156 212 2.7538595199585 2.41434264183044 
1335092788.75147 212 2.66294598579407 2.70098805427551 
1335092788.85144 212 2.42355060577393 2.65075850486755 
1335092789.01256 212 2.57240629196167 2.49674725532532 
1335092789.15126 212 2.56489253044128 2.56489253044128 
1335092789.29143 212 2.55414032936096 2.44062304496765 
1335092789.45357 212 2.49928665161133 2.53715467453003 
1335092789.55425 212 2.53715467453003 2.65075850486755 
1335092789.71169 212 2.57698822021484 2.46329760551453 
1335092789.85137 212 2.50310516357422 2.67377138137817 
1335092789.95131 212 2.42663550376892 2.57830023765564 
1335092790.05185 212 2.65075850486755 2.46141862869263 
1335092790.21214 212 2.53586506843567 2.49801635742188 
1335092790.35185 212 2.49928665161133 2.49928665161133 
1335092790.49124 212 2.67071104049683 2.50024008750916 
1335092790.65168 212 2.49865126609802 2.57436800003052 
1335092790.81131 212 2.57764410972595 2.38811135292053 
1335092790.95301 212 2.55511403083801 2.49833369255066 
1335092791.09142 212 2.55803966522217 2.5011944770813 
1335092791.25183 212 2.65278196334839 2.38750386238098 
1335092791.41198 212 2.49992227554321 2.53779983520508 
1335092791.51494 212 2.61158156394958 2.53696489334106 
1335092791.65138 212 2.61688280105591 2.55999398231506 
1335092791.75306 212 2.3502049446106 2.69136381149292 
1335092791.85153 212 2.57305979728699 2.61089897155762 
1335092791.95246 212 2.54540991783142 2.48884510993958 
1335092792.11361 212 2.65210723876953 2.3490092754364 
1335092792.25154 212 2.61289048194885 2.44248461723328 
1335092792.35273 212 2.76851415634155 2.54251289367676 
1335092792.49188 212 2.5011944770813 2.5011944770813 
1335092792.59184 212 2.56489253044128 2.56489253044128 
1335092792.71201 212 2.53650975227356 2.46079301834106 
1335092792.85171 212 2.55706381797791 2.61388754844666 
1335092792.99413 212 2.43969321250916 2.55316734313965 
1335092793.15256 212 2.64672088623047 2.49547958374023 
1335092793.31142 212 2.53779983520508 2.38628935813904 
1335092793.45138 212 2.38568258285522 2.5560884475708 
1335092793.59204 212 2.67275047302246 2.38841533660889 
1335092793.75696 212 2.42047357559204 2.53393316268921 
1335092793.91184 212 2.7230327129364 2.57175302505493 
1335092794.05204 212 2.55901646614075 2.55901646614075 
1335092794.19171 212 2.55122351646423 2.72130513191223 
1335092794.35161 212 2.6534571647644 2.3502049446106 
1335092794.45204 212 2.49674725532532 2.53457689285278 
1335092794.61198 212 2.64269542694092 2.34067296981812 
1335092794.75191 212 2.5021493434906 2.61588358879089 
1335092794.89134 212 2.50501894950867 2.50501894950867 
1335092795.01201 212 2.57830023765564 2.4645516872406 
1335092795.15914 212 2.50310516357422 2.50310516357422 
1335092795.31233 212 2.42355060577393 2.46141862869263 
1335092795.45201 212 2.57502245903015 2.61289048194885 
1335092795.59268 212 2.56097221374512 2.56097221374512 
1335092795.71434 212 2.49547958374023 2.53328990936279 
1335092795.81256 212 2.55359649658203 2.62870216369629 
1335092795.95149 212 2.55706381797791 2.38659286499023 
1335092796.09193 212 2.55999398231506 2.55999398231506 
1335092796.21183 212 2.57698822021484 2.76647257804871 
1335092796.35227 212 2.49073719978333 2.60395240783691 
1335092796.51167 212 2.49611330032349 2.60957288742065 
1335092796.6536 212 2.57764410972595 2.46392440795898 
1335092796.75209 212 2.49358034133911 2.43690824508667 
1335092796.89248 212 2.76431941986084 2.42583131790161 
1335092797.01165 212 2.65210723876953 2.46267104148865 
1335092797.11207 212 2.45891785621643 2.49674725532532 
1335092797.25249 212 2.61888337135315 2.44808673858643 
1335092797.35222 212 2.43135714530945 2.54444360733032 
1335092797.51236 212 2.57371377944946 2.68725991249084 
1335092797.65183 212 2.65450644493103 2.42859101295471 
1335092797.81144 212 2.50246787071228 2.61621642112732 
1335092797.91162 212 2.57240629196167 2.45891785621643 
1335092798.05307 212 2.38932776451111 2.55999398231506 
1335092798.19201 212 2.49452972412109 2.66461133956909 
1335092798.35139 212 2.57764410972595 2.5018310546875 
1335092798.45183 212 2.56199431419373 2.56199431419373 
1335092798.61648 212 2.48036694526672 2.51794815063477 
1335092798.75143 212 2.55901646614075 2.5021493434906 
1335092798.89208 212 2.61888337135315 2.44808673858643 
1335092798.99478 212 2.5059769153595 2.44902276992798 
1335092799.11196 212 2.57764410972595 2.5018310546875 
1335092799.25365 212 2.5059769153595 2.33511471748352 
1335092799.35185 212 2.61289048194885 2.84009838104248 
1335092799.45254 212 2.50246787071228 2.35080313682556 
1335092799.59222 212 2.6747932434082 2.44715118408203 
1335092799.71187 212 2.5822446346283 2.50629639625549 
1335092799.85158 212 2.50501894950867 2.50501894950867 
1335092799.99174 212 2.61189436912537 2.49833369255066 
1335092800.15189 212 2.42293453216553 2.72580146789551 
1335092800.25257 212 2.38325881958008 2.64806532859802 
1335092800.35255 212 2.64447808265686 2.41941618919373 
1335092800.51194 212 2.45829343795776 2.57175302505493 
1335092800.65163 212 2.44248461723328 2.61289048194885 
1335092800.79205 212 2.383864402771 2.55414032936096 
1335092800.91196 212 2.53909134864807 2.53909134864807 
1335092801.05191 212 2.44434905052185 2.55803966522217 
1335092801.21232 212 2.57305979728699 2.383864402771 
1335092801.35173 212 2.46769285202026 2.65751552581787 
1335092801.4517 212 2.6062638759613 2.30408835411072 
1335092801.61211 212 2.53909134864807 2.61488509178162 
1335092801.71179 212 2.61089897155762 2.383864402771 
1335092801.85172 212 2.39024066925049 2.73170375823975 
1335092801.9519 212 2.46392440795898 2.61555051803589 
1335092802.0521 212 2.67570042610168 2.29884123802185 
1335092802.21203 212 2.64202570915222 2.64202570915222 
1335092802.35169 212 2.32888078689575 2.32888078689575 
1335092802.4921 212 2.55025267601013 2.43690824508667 
1335092802.65179 212 2.61156249046326 2.38447022438049 
1335092802.8124 212 2.61488509178162 2.42540073394775 
1335092802.95235 212 2.44062304496765 2.61089897155762 
1335092803.092 212 2.56195116043091 2.39115428924561 
1335092803.19197 212 2.5560884475708 2.5560884475708 
1335092803.31163 212 2.57764410972595 2.5018310546875 
1335092803.45182 212 2.44062304496765 2.49738168716431 
1335092803.61199 212 2.61289048194885 2.38568258285522 
1335092803.75366 212 2.53909134864807 2.38750386238098 
1335092803.89209 212 2.50310516357422 2.33243894577026 
1335092804.01203 212 2.54038405418396 2.654132604599 
1335092804.15169 212 2.67071104049683 2.55706381797791 
1335092804.29185 212 2.27294564247131 2.67071104049683 
1335092804.45405 212 2.60230398178101 2.56458950042725 
1335092804.61195 212 2.57371377944946 2.46016764640808 
1335092804.75186 212 2.48601269721985 2.42951250076294 
1335092804.89228 212 2.75700926780701 2.41941618919373 
1335092805.05191 212 2.76365971565247 2.53650975227356 
1335092805.21184 212 2.34781455993652 2.34781455993652 
1335092805.35177 212 2.32976913452148 2.55706381797791 
1335092805.49243 212 2.72857570648193 2.67173051834106 
1335092805.65337 212 2.3335747718811 2.78523421287537 
1335092805.81203 212 2.42231893539429 2.57371377944946 
1335092805.91224 212 2.64806532859802 2.42108821868896 
1335092806.05188 212 2.44715118408203 2.50406169891357 
1335092806.15181 212 2.31112194061279 2.80365610122681 
1335092806.25275 212 2.72788166999817 2.3490092754364 
1335092806.41193 212 2.68180775642395 2.49294805526733 
1335092806.55285 212 2.56195116043091 2.56195116043091 
1335092806.69229 212 2.61089897155762 2.32710552215576 
1335092806.85244 212 2.29072618484497 2.70380806922913 
1335092807.01159 212 2.57633256912231 2.3490092754364 
1335092807.15477 212 2.67173051834106 2.78542113304138 
1335092807.25197 212 2.68589472770691 2.26977038383484 
1335092807.39191 212 2.50693559646606 2.56391143798828 
1335092807.5128 212 2.68316864967346 2.38083982467651 
1335092807.65199 212 2.50310516357422 2.44621634483337 
1335092807.75319 212 2.61888337135315 2.50501894950867 
1335092807.89209 212 2.81966614723206 2.31212615966797 
1335092808.05229 212 2.41924476623535 2.57044768333435 
1335092808.212 212 2.72857570648193 2.31171011924744 
1335092808.35211 212 2.38477301597595 2.49833369255066 
1335092808.49278 212 2.35071778297424 2.68653464317322 
1335092808.65222 212 2.7880527973175 2.41128873825073 
1335092808.81186 212 2.35140180587769 2.88236355781555 
1335092808.91229 212 2.72927021980286 2.27439188957214 
1335092809.05224 212 2.60891056060791 2.55219507217407 
1335092809.19215 212 2.55999398231506 2.44621634483337 
1335092809.3118 212 2.46204471588135 2.57567739486694 
1335092809.45374 212 2.44248461723328 2.78329634666443 
1335092809.55219 212 2.49928665161133 2.44248461723328 
1335092809.6941 212 2.56097221374512 2.50406169891357 
1335092809.85176 212 2.79938340187073 2.26977038383484 
1335092810.01166 212 2.65210723876953 2.38689637184143 
1335092810.15236 212 1.93421769142151 2.21866154670715 
1335092810.2523 212 1.93274116516113 1.93274116516113 
1335092810.39196 212 1.53482389450073 1.70535981655121 
1335092810.51815 212 1.35566401481628 1.46863603591919 
