1335093107.22609 2.782686 1.502738 -0.0273936749999999 
1335093107.34941 2.782273 1.502877 -0.0388546749999998 
1335093107.44647 2.782487 1.502849 -0.0329486749999999 
1335093107.56082 2.782487 1.502849 -0.0329486749999999 
1335093107.65741 2.782273 1.502877 -0.0388546749999998 
1335093107.76603 2.782694 1.502929 -0.0385356749999999 
1335093107.82927 2.782686 1.502738 -0.0273936749999999 
1335093107.94186 2.783316 1.504583 -0.0527026749999999 
1335093108.03896 2.782686 1.502738 -0.0273936749999999 
1335093108.15553 2.782273 1.502877 -0.0388546749999998 
1335093108.21814 2.782702 1.502899 -0.027090675 
1335093108.33436 2.782273 1.502877 -0.0388546749999998 
1335093108.42781 2.782686 1.502738 -0.0273936749999999 
1335093108.52138 2.782961 1.502725 -0.00550667499999991 
1335093108.61518 2.782442 1.504707 0.226914325 
1335093108.71313 2.780684 1.508987 0.377122325 
1335093108.8206 2.783998 1.510990 0.551118325 
1335093108.93284 2.778224 1.510938 0.867180325 
1335093109.04304 2.782127 1.518165 1.016190325 
1335093109.15098 2.783431 1.523520 1.191870325 
1335093109.25893 2.783344 1.527439 1.332527325 
1335093109.31909 2.782590 1.533894 1.475086325 
1335093109.4261 2.783617 1.540753 1.470833325 
1335093109.53415 2.784304 1.540373 1.771906325 
1335093109.64252 2.782656 1.548578 1.657666325 
1335093109.75067 2.782409 1.550014 1.867766325 
1335093109.85849 2.776718 1.556887 1.646085325 
1335093109.91872 2.774924 1.562506 1.778480325 
1335093110.0298 2.775747 1.570582 1.664460325 
1335093110.13745 2.773624 1.573128 1.814958325 
1335093110.24579 2.774302 1.578526 1.822885325 
1335093110.35383 2.773154 1.583742 1.846005325 
1335093110.41394 2.773118 1.588054 1.878801325 
1335093110.52072 2.772171 1.594641 1.756042325 
1335093110.62844 2.767788 1.600537 1.815455325 
1335093110.73695 2.764932 1.604739 1.851339325 
1335093110.84533 2.763419 1.603729 2.010352325 
1335093110.9534 2.763999 1.614410 1.870762325 
1335093111.01507 2.765176 1.619624 1.889697325 
1335093111.12662 2.764555 1.626939 1.778411325 
1335093111.23435 2.759784 1.631231 1.785347325 
1335093111.34317 2.756414 1.633673 1.846769325 
1335093111.45115 2.757999 1.642594 1.768617325 
1335093111.55898 2.755925 1.644538 1.867447325 
1335093111.61911 2.755028 1.650239 1.905303325 
1335093111.72622 2.754879 1.655403 1.875783325 
1335093111.83405 2.750903 1.658479 1.922473325 
1335093111.94272 2.748046 1.664127 1.900493325 
1335093112.04976 2.747193 1.670238 1.880177325 
1335093112.16165 2.746737 1.674550 1.884423325 
1335093112.22138 2.746532 1.679264 1.880224325 
1335093112.32859 2.746249 1.684680 1.856313325 
1335093112.43641 2.741372 1.690197 1.895223325 
1335093112.54484 2.740148 1.695206 1.848660325 
1335093112.65295 2.738302 1.700274 1.827439325 
1335093112.71327 2.738444 1.705741 1.870084325 
1335093112.82031 2.738637 1.710478 1.870933325 
1335093112.92805 2.737567 1.715522 1.850280325 
1335093113.03748 2.732293 1.715401 1.957990325 
1335093113.15061 2.730535 1.727421 1.854161325 
1335093113.25816 2.729711 1.731011 1.834359325 
1335093113.31827 2.729724 1.736510 1.845877325 
1335093113.42518 2.729253 1.740853 1.832564325 
1335093113.53293 2.729405 1.745672 1.872910325 
1335093113.64067 2.729597 1.749223 1.949934325 
1335093113.748 2.724318 1.757768 1.809958325 
1335093113.85636 2.721322 1.762333 1.838013325 
1335093113.91647 2.722071 1.767357 1.815775325 
1335093114.02345 2.720977 1.771548 1.837209325 
1335093114.13101 2.721077 1.777099 1.872910325 
1335093114.24374 2.719851 1.784999 1.779447325 
1335093114.35232 2.715726 1.787552 1.840703325 
1335093114.4599 2.713430 1.791638 1.879913325 
1335093114.52024 2.713106 1.797194 1.855214325 
1335093114.62748 2.713131 1.800630 1.893223325 
1335093114.73583 2.713141 1.807209 1.850364325 
1335093114.84299 2.709988 1.815662 1.733392325 
1335093114.95159 2.705661 1.815866 1.903718325 
1335093115.06107 2.705424 1.821870 1.856542325 
1335093115.12132 2.704788 1.827149 1.883387325 
1335093115.23264 2.705178 1.831865 1.887529325 
1335093115.34097 2.703997 1.839506 1.801543325 
1335093115.44995 2.699474 1.842898 1.843521325 
1335093115.55822 2.697141 1.847176 1.901964325 
1335093115.61841 2.696769 1.852112 1.871376325 
1335093115.72542 2.696074 1.856677 1.842695325 
1335093115.8333 2.696652 1.863085 1.889721325 
1335093115.94107 2.693421 1.871097 1.755603325 
1335093116.04942 2.689296 1.871131 1.889371325 
1335093116.15788 2.688929 1.877874 1.876484325 
1335093116.21774 2.688214 1.882112 1.877815325 
1335093116.32862 2.688840 1.885843 1.923856325 
1335093116.4365 2.686484 1.894973 1.787825325 
1335093116.5441 2.681464 1.897364 1.886487325 
1335093116.6522 2.681219 1.902187 1.901964325 
1335093116.76005 2.680501 1.907095 1.854057325 
1335093116.82034 2.680029 1.911147 1.898779325 
1335093116.92746 2.679789 1.921047 1.753627325 
1335093117.03682 2.673958 1.923290 1.836774325 
1335093117.14468 2.673080 1.926111 1.886118325 
1335093117.25304 2.672358 1.932822 1.918108325 
1335093117.31345 2.672065 1.937133 1.915354325 
1335093117.42423 2.669528 1.942672 1.899792325 
1335093117.53183 2.665387 1.947830 1.878152325 
1335093117.63956 2.665395 1.952944 1.816736325 
1335093117.74789 2.664455 1.956411 1.918109325 
1335093117.85262 2.664539 1.962170 1.886213325 
1335093117.96023 2.661174 1.966919 1.894814325 
1335093118.021 2.657991 1.972582 1.870488325 
1335093118.12816 2.658034 1.977521 1.823083325 
1335093118.2361 2.656720 1.981379 1.881088325 
1335093118.3446 2.657782 1.988454 1.861116325 
1335093118.45727 2.653864 1.995953 1.754287325 
1335093118.51731 2.650810 1.997088 1.897666325 
1335093118.62472 2.650288 2.002701 1.861814325 
1335093118.73261 2.649064 2.006873 1.852287325 
1335093118.84039 2.649493 2.013089 1.872907325 
1335093118.9486 2.644006 2.020946 1.743476325 
1335093119.05826 2.643379 2.020567 1.912027325 
1335093119.11814 2.642166 2.027769 1.886220325 
1335093119.22549 2.641674 2.032839 1.867281325 
1335093119.33332 2.641437 2.036748 1.876129325 
1335093119.44532 2.636541 2.042217 1.832400325 
1335093119.5527 2.634473 2.046311 1.890067325 
1335093119.6604 2.634227 2.052369 1.892520325 
1335093119.71978 2.634844 2.057799 1.856340325 
1335093119.82745 2.631553 2.061568 1.876596325 
1335093119.93533 2.628031 2.068257 1.897666325 
1335093120.04301 2.627707 2.072718 1.817048325 
1335093120.15009 2.626879 2.076566 1.885349325 
1335093120.25819 2.626637 2.082221 1.895620325 
1335093120.31732 2.623471 2.090587 1.761771325 
1335093120.42478 2.620386 2.091742 1.887358325 
1335093120.53654 2.620682 2.097897 1.860869325 
1335093120.64489 2.619298 2.101571 1.875377325 
1335093120.75321 2.619418 2.108664 1.881055325 
1335093120.81364 2.614434 2.112634 1.830693325 
1335093120.91972 2.612852 2.115225 1.900373325 
1335093121.02913 2.612649 2.121728 1.856542325 
1335093121.13733 2.611084 2.126971 1.789788325 
1335093121.24576 2.610151 2.131433 1.870232325 
1335093121.35373 2.606450 2.136798 1.847828325 
1335093121.41396 2.604834 2.140170 1.864712325 
1335093121.52505 2.604601 2.147610 1.884423325 
1335093121.63321 2.604764 2.152784 1.846194325 
1335093121.74123 2.601407 2.158405 1.975561325 
1335093121.84919 2.598061 2.162223 1.867407325 
1335093121.9577 2.598256 2.167790 1.813016325 
1335093122.01768 2.596858 2.171811 1.869032325 
1335093122.12484 2.596712 2.177094 1.854130325 
1335093122.23287 2.591864 2.180535 1.914536325 
1335093122.33596 2.590918 2.186294 1.867407325 
1335093122.44369 2.591189 2.192638 1.783995325 
1335093122.55598 2.589949 2.196088 1.872907325 
1335093122.61608 2.587746 2.201380 1.858729325 
1335093122.72271 2.583915 2.205704 1.834162325 
1335093122.83099 2.583642 2.209419 1.851796325 
1335093122.93947 2.584090 2.217390 1.807203325 
1335093123.04937 2.582659 2.220912 1.851499325 
1335093123.15759 2.579314 2.226682 1.836035325 
1335093123.21762 2.577246 2.231719 1.827320325 
1335093123.32465 2.576405 2.235804 1.901966325 
1335093123.432 2.576379 2.242360 1.811032325 
1335093123.53947 2.572561 2.248893 1.704533325 
1335093123.65278 2.570270 2.251222 1.848893325 
1335093123.76067 2.569861 2.256230 1.840726325 
1335093123.82078 2.568752 2.260176 1.903025325 
1335093123.92809 2.567148 2.267452 1.844816325 
1335093124.0365 2.563577 2.270533 1.853969325 
1335093124.14487 2.562747 2.276370 1.887358325 
1335093124.25222 2.562796 2.281654 1.824844325 
1335093124.35996 2.561083 2.285095 1.883030325 
1335093124.42003 2.558115 2.291870 1.804904325 
1335093124.52687 2.555779 2.296047 1.855565325 
1335093124.63859 2.555320 2.300253 1.919795325 
1335093124.74709 2.554825 2.307244 1.813557325 
1335093124.85519 2.549834 2.310984 1.945412325 
1335093124.91548 2.548536 2.315442 1.826212325 
1335093125.02391 2.548478 2.320773 1.856866325 
1335093125.13186 2.547157 2.325825 1.880402325 
1335093125.23941 2.545823 2.332778 1.775558325 
1335093125.34768 2.541993 2.335246 1.815635325 
1335093125.45594 2.541627 2.339656 1.839891325 
1335093125.5162 2.541825 2.346362 1.801349325 
1335093125.62284 2.539869 2.350355 1.868977325 
1335093125.73431 2.537445 2.356599 1.803354325 
1335093125.84226 2.534910 2.360093 1.838546325 
1335093125.95002 2.534480 2.363782 1.845268325 
1335093126.058 2.533928 2.369847 1.796794325 
1335093126.11756 2.531757 2.374159 1.866693325 
1335093126.22409 2.528822 2.379627 1.815670325 
1335093126.33129 2.527774 2.384516 1.816844325 
1335093126.43971 2.527800 2.389009 1.825872325 
1335093126.54766 2.526688 2.394588 1.774136325 
1335093126.65552 2.522161 2.398638 1.848211325 
1335093126.71461 2.520256 2.404466 1.886603325 
1335093126.82507 2.520777 2.409452 1.830950325 
1335093126.93239 2.519524 2.414153 1.794683325 
1335093127.04177 2.516968 2.420197 1.706838325 
1335093127.14941 2.514874 2.422691 1.823121325 
1335093127.25734 2.514058 2.428188 1.833253325 
1335093127.31712 2.513887 2.434286 1.808664325 
1335093127.42385 2.513223 2.439225 1.792177325 
1335093127.53116 2.508869 2.446079 1.811120325 
1335093127.63935 2.507994 2.446698 1.786327325 
1335093127.74748 2.507326 2.453759 1.794226325 
1335093127.85944 2.507233 2.459602 1.753359325 
1335093127.91921 2.506669 2.463215 1.747631325 
1335093128.02589 2.503100 2.468241 1.721023325 
1335093128.13333 2.500644 2.472295 1.810840325 
1335093128.24107 2.501519 2.475016 1.774205325 
1335093128.35411 2.500994 2.476887 1.770300325 
1335093128.44764 2.500763 2.478469 1.774149325 
1335093128.54115 2.497139 2.481245 2.208947325 
1335093128.63467 2.496547 2.478564 2.497820325 
1335093128.72822 2.495732 2.478182 2.947679325 
1335093128.82609 2.494707 2.474413 -3.076753975 
1335093128.92037 2.493243 2.473097 -2.796916975 
1335093129.01494 2.493694 2.468481 -2.685322975 
1335093129.1142 2.489696 2.463449 -2.546400975 
1335093129.2142 2.486197 2.460753 -2.427392975 
1335093129.31425 2.482819 2.456883 -2.302245975 
1335093129.42159 2.480496 2.450922 -2.234881975 
1335093129.52916 2.479248 2.446266 -2.134118975 
1335093129.6372 2.476668 2.441741 -2.056618975 
1335093129.74533 2.475659 2.438226 -1.951498975 
1335093129.85745 2.475721 2.434042 -1.877057975 
1335093129.91752 2.474330 2.428677 -1.820126975 
1335093130.02452 2.473723 2.423852 -1.772002975 
1335093130.13207 2.474452 2.418401 -1.772012975 
1335093130.2396 2.474858 2.414809 -1.696341975 
1335093130.34774 2.474073 2.409788 -1.761519975 
1335093130.45588 2.476039 2.407036 -1.534577675 
1335093130.51538 2.477588 2.398253 -1.641439975 
1335093130.62231 2.478119 2.394778 -1.606031975 
1335093130.72995 2.478515 2.388087 -1.623797975 
1335093130.83803 2.477853 2.382007 -1.588755975 
1335093130.95115 2.477653 2.377864 -1.592106975 
1335093131.06091 2.478437 2.371966 -1.622975975 
1335093131.12107 2.477899 2.367757 -1.586224975 
1335093131.22798 2.478220 2.362296 -1.581696975 
1335093131.33571 2.479234 2.361428 -1.466872675 
1335093131.44387 2.482596 2.354039 -1.554044675 
1335093131.55164 2.482252 2.346519 -1.590738975 
1335093131.65932 2.482554 2.343848 -1.513810675 
1335093131.71946 2.482461 2.336137 -1.588805975 
1335093131.82656 2.482488 2.330406 -1.631775975 
1335093131.93855 2.481967 2.326451 -1.595870975 
1335093132.04694 2.482620 2.320369 -1.568084675 
1335093132.15499 2.483372 2.316959 -1.539883675 
1335093132.21508 2.484730 2.312509 -1.537947675 
1335093132.32193 2.487059 2.305169 -1.591638975 
1335093132.42964 2.488506 2.302162 -1.494136675 
1335093132.5376 2.487262 2.295608 -1.562719675 
1335093132.64602 2.487303 2.288560 -1.632783975 
1335093132.75453 2.487092 2.285164 -1.592667975 
1335093132.8148 2.487303 2.279660 -1.584074975 
1335093132.92188 2.487867 2.275261 -1.567767675 
1335093133.03442 2.488664 2.269285 -1.578575975 
1335093133.14284 2.490029 2.264208 -1.576961975 
1335093133.25089 2.492872 2.261555 -1.488781675 
1335093133.359 2.491901 2.255009 -1.568368675 
1335093133.4191 2.491703 2.248917 -1.547129675 
1335093133.52607 2.492460 2.245029 -1.567670675 
1335093133.634 2.491902 2.237483 -1.592106975 
1335093133.742 2.492321 2.232788 -1.570796675 
1335093133.84922 2.492930 2.228285 -1.572390975 
1335093133.95693 2.493039 2.222194 -1.566935675 
1335093134.01621 2.494285 2.221937 -1.423907675 
1335093134.12698 2.497170 2.213911 -1.546961675 
1335093134.23422 2.497025 2.206667 -1.580039975 
1335093134.34209 2.496995 2.203040 -1.520566675 
1335093134.45024 2.497281 2.196628 -1.580834975 
1335093134.55842 2.497239 2.190565 -1.597170975 
1335093134.61835 2.496751 2.187336 -1.592667975 
1335093134.72531 2.496901 2.181539 -1.570827975 
1335093134.83334 2.497421 2.176630 -1.562166675 
1335093134.94088 2.498904 2.172116 -1.566062675 
1335093135.0494 2.501305 2.165798 -1.563744675 
1335093135.16147 2.501498 2.162326 -1.548758675 
1335093135.22166 2.501984 2.157034 -1.554483675 
1335093135.32877 2.501496 2.149836 -1.571520975 
1335093135.43648 2.501910 2.146058 -1.531134675 
1335093135.54391 2.501810 2.140133 -1.580834975 
1335093135.65104 2.502023 2.132926 -1.611282975 
1335093135.75896 2.501008 2.129234 -1.561131675 
1335093135.81861 2.502314 2.125029 -1.563186675 
1335093135.92533 2.503045 2.118597 -1.611211975 
1335093136.03264 2.503740 2.115652 -1.578144975 
1335093136.14412 2.506189 2.109657 -1.565921675 
1335093136.2509 2.506240 2.105384 -1.551145675 
1335093136.35877 2.506939 2.100247 -1.530358675 
1335093136.41836 2.506270 2.093380 -1.572829975 
1335093136.52456 2.506793 2.089571 -1.541289675 
1335093136.63197 2.506671 2.084153 -1.580834975 
1335093136.74011 2.506074 2.076347 -1.588805975 
1335093136.84818 2.506211 2.072780 -1.571735975 
1335093136.95603 2.506711 2.068347 -1.535008675 
1335093137.01618 2.507392 2.061940 -1.581103975 
1335093137.12317 2.508443 2.061271 -1.443003675 
1335093137.23456 2.508945 2.048056 -1.739021975 
1335093137.34118 2.511004 2.046125 -1.572287975 
1335093137.44926 2.511420 2.041930 -1.563100675 
1335093137.55709 2.511626 2.037247 -1.552777675 
1335093137.61688 2.510979 2.030250 -1.556591675 
1335093137.72352 2.511394 2.026481 -1.531134675 
1335093137.83022 2.511371 2.020666 -1.580834975 
1335093137.9368 2.511772 2.014172 -1.632311975 
1335093138.04344 2.510983 2.011075 -1.522461675 
1335093138.15022 2.512681 2.005125 -1.589374975 
1335093138.2618 2.512691 2.003283 -1.438578675 
1335093138.32163 2.514822 1.995920 -1.550115675 
1335093138.42758 2.516370 1.990278 -1.551044675 
1335093138.53509 2.516464 1.983948 -1.607384975 
1335093138.64158 2.515770 1.978980 -1.571208975 
1335093138.75005 2.515930 1.973412 -1.596810975 
1335093138.85795 2.515866 1.968093 -1.560217675 
1335093138.917 2.516295 1.963908 -1.547229675 
1335093139.0245 2.516332 1.958017 -1.585598975 
1335093139.13203 2.515757 1.952526 -1.595986975 
1335093139.24415 2.515519 1.949422 -1.574054975 
1335093139.35185 2.516180 1.942696 -1.555053675 
1335093139.45958 2.516118 1.937093 -1.574485975 
1335093139.51955 2.516542 1.935453 -1.444368675 
1335093139.62628 2.518557 1.926898 -1.599028975 
1335093139.73367 2.519202 1.922087 -1.598951975 
1335093139.84092 2.519793 1.917770 -1.592033975 
1335093139.94884 2.521333 1.911957 -1.570446675 
1335093140.05677 2.521098 1.905545 -1.607386975 
1335093140.11642 2.520451 1.901243 -1.593834975 
1335093140.22297 2.521045 1.896086 -1.562348675 
1335093140.33408 2.520766 1.890348 -1.578687975 
1335093140.44152 2.519907 1.884962 -1.589800975 
1335093140.54941 2.520992 1.880173 -1.573690975 
1335093140.65659 2.520394 1.875490 -1.576897975 
1335093140.71626 2.520333 1.870572 -1.565890675 
1335093140.82214 2.520642 1.864141 -1.588805975 
1335093140.92946 2.521111 1.858668 -1.610757975 
1335093141.03735 2.520128 1.855123 -1.542508675 
1335093141.14464 2.520710 1.849380 -1.566014675 
1335093141.25231 2.520683 1.843253 -1.568004675 
1335093141.36376 2.521596 1.842174 -1.452799675 
1335093141.42378 2.522958 1.830053 -1.686242975 
1335093141.5306 2.523604 1.827609 -1.605394975 
1335093141.63821 2.524045 1.823877 -1.575628975 
1335093141.7464 2.525953 1.817873 -1.571654975 
1335093141.85414 2.524822 1.812763 -1.563673675 
1335093141.96153 2.525253 1.807713 -1.584782975 
1335093142.02136 2.525609 1.802518 -1.556843675 
1335093142.12816 2.524638 1.797608 -1.545392675 
1335093142.23582 2.524698 1.791830 -1.571207975 
1335093142.34778 2.525158 1.787240 -1.565172675 
1335093142.45546 2.525507 1.781996 -1.592619975 
1335093142.51526 2.524593 1.776135 -1.596754975 
1335093142.62181 2.525036 1.770529 -1.611753975 
1335093142.72931 2.524810 1.766571 -1.563638675 
1335093142.83679 2.524263 1.760617 -1.598242975 
1335093142.94468 2.524879 1.754967 -1.614897975 
1335093143.05315 2.525014 1.751762 -1.545341675 
1335093143.16078 2.524460 1.746025 -1.543313675 
1335093143.2206 2.524821 1.739974 -1.581982975 
1335093143.32725 2.525717 1.733348 -1.593189975 
1335093143.43847 2.524943 1.729177 -1.571921975 
1335093143.54581 2.525391 1.727745 -1.439561675 
1335093143.65271 2.526597 1.716645 -1.637944975 
1335093143.7605 2.526139 1.714073 -1.560263675 
1335093143.82009 2.527771 1.711062 -1.481049675 
1335093143.92671 2.526620 1.699228 -1.746556975 
1335093144.03416 2.527330 1.696381 -1.662594975 
1335093144.14157 2.528762 1.695763 -1.502811675 
1335093144.24985 2.528862 1.684254 -1.666379975 
1335093144.35779 2.529454 1.681632 -1.629698975 
1335093144.41744 2.528965 1.680107 -1.492529675 
1335093144.5279 2.529195 1.668679 -1.656565975 
1335093144.63499 2.529629 1.665602 -1.607484975 
1335093144.74287 2.529038 1.661075 -1.582829975 
1335093144.85012 2.530120 1.653701 -1.645273975 
1335093144.9584 2.529222 1.650537 -1.555455675 
1335093145.01861 2.529343 1.645457 -1.574010975 
1335093145.12563 2.530336 1.638217 -1.642486975 
1335093145.23332 2.529863 1.634881 -1.564395675 
1335093145.33969 2.529665 1.628802 -1.570324675 
1335093145.44663 2.529638 1.624952 -1.566441675 
1335093145.55886 2.530000 1.618767 -1.538100675 
1335093145.61859 2.529298 1.613803 -1.584110975 
1335093145.7253 2.529587 1.608969 -1.570796675 
1335093145.83284 2.529754 1.602629 -1.567658675 
1335093145.93987 2.529491 1.598154 -1.594707975 
1335093146.04749 2.529095 1.592602 -1.608743975 
1335093146.15528 2.529535 1.587047 -1.565172675 
1335093146.21522 2.529747 1.581749 -1.589095975 
1335093146.32164 2.528955 1.577249 -1.608743975 
1335093146.4287 2.529406 1.571694 -1.565172675 
1335093146.54034 2.529629 1.566397 -1.589095975 
1335093146.64828 2.529033 1.561203 -1.634555975 
1335093146.75603 2.528957 1.555850 -1.566441675 
1335093146.81547 2.529679 1.550159 -1.613768975 
1335093146.922 2.528430 1.545666 -1.626532975 
1335093147.03007 2.528891 1.540502 -1.566441675 
1335093147.13713 2.529295 1.534954 -1.561473675 
1335093147.24516 2.528723 1.529967 -1.607234975 
1335093147.3527 2.528857 1.525155 -1.566441675 
1335093147.46056 2.529426 1.519945 -1.574048975 
1335093147.52023 2.528521 1.515411 -1.643018975 
1335093147.63068 2.528854 1.509806 -1.566441675 
1335093147.73838 2.529099 1.504211 -1.563071675 
1335093147.84702 2.528196 1.498874 -1.611784975 
1335093147.95485 2.528668 1.494087 -1.580035975 
1335093148.06216 2.529494 1.487661 -1.579607975 
1335093148.12197 2.529326 1.483386 -1.610227975 
1335093148.22885 2.529107 1.478478 -1.570796675 
1335093148.33636 2.527555 1.471630 -1.569615675 
1335093148.44004 2.529424 1.467263 -1.613097975 
1335093148.54807 2.528898 1.462114 -1.608743975 
1335093148.66 2.528659 1.456246 -1.600247975 
1335093148.71955 2.529040 1.451318 -1.612421975 
1335093148.82634 2.528947 1.447505 -1.561556675 
1335093148.9338 2.528796 1.440877 -1.600247975 
1335093149.04196 2.529298 1.434649 -1.654897975 
1335093149.15028 2.528641 1.431573 -1.541210675 
1335093149.25835 2.529228 1.426682 -1.518107675 
1335093149.31824 2.529403 1.416880 -1.689411975 
1335093149.42501 2.526950 1.416204 -1.506731675 
1335093149.53242 2.528337 1.411248 -1.517608675 
1335093149.64417 2.529328 1.401010 -1.678095975 
1335093149.75216 2.525359 1.400077 -1.490956675 
1335093149.85994 2.522311 1.389365 -1.729958975 
1335093149.9197 2.525116 1.387758 -1.600007975 
1335093150.02671 2.522732 1.381579 -1.651164975 
1335093150.13425 2.522992 1.377608 -1.617088975 
1335093150.24062 2.522404 1.372685 -1.604206975 
1335093150.34856 2.522326 1.367110 -1.596189975 
1335093150.45633 2.522419 1.362018 -1.609529975 
1335093150.51609 2.522567 1.356955 -1.592407975 
1335093150.62276 2.522352 1.352059 -1.616157975 
1335093150.73429 2.523249 1.344379 -1.692649975 
1335093150.8415 2.522522 1.341299 -1.562348675 
1335093150.94848 2.522869 1.336275 -1.603708975 
1335093151.05706 2.522522 1.330919 -1.624862975 
1335093151.11682 2.522984 1.325286 -1.547463675 
1335093151.22276 2.522924 1.319687 -1.561473675 
1335093151.31651 2.522768 1.314812 -1.600730975 
1335093151.41546 2.522942 1.309191 -1.570796675 
1335093151.52263 2.522835 1.304229 -1.564861675 
1335093151.63032 2.523558 1.300190 -1.571885975 
1335093151.74253 2.522989 1.293968 -1.580035975 
1335093151.85155 2.524364 1.285373 -1.677435975 
1335093151.95971 2.523384 1.284546 -1.561306675 
1335093152.0198 2.522988 1.279889 -1.507152675 
1335093152.12673 2.524319 1.269723 -1.677132975 
1335093152.23469 2.521756 1.267838 -1.556667675 
1335093152.34324 2.522232 1.264382 -1.508706675 
1335093152.45126 2.518069 1.251718 -1.749540975 
1335093152.55958 2.518375 1.250136 -1.586058975 
1335093152.61968 2.518261 1.246708 -1.578270975 
1335093152.73104 2.517063 1.240779 -1.601922975 
1335093152.83895 2.517899 1.235339 -1.587412975 
1335093152.94733 2.518070 1.231482 -1.576104975 
1335093153.05648 2.517499 1.226056 -1.591376975 
1335093153.11647 2.517959 1.220699 -1.616840975 
1335093153.22231 2.517785 1.215881 -1.583898975 
1335093153.32992 2.517157 1.211048 -1.553838675 
1335093153.43769 2.517929 1.205702 -1.613010975 
1335093153.54606 2.517716 1.200655 -1.570796675 
1335093153.65124 2.517765 1.194507 -1.603501975 
1335093153.76387 2.518179 1.190424 -1.595563975 
1335093153.82412 2.517993 1.184771 -1.561556675 
1335093153.93141 2.518550 1.179901 -1.541858675 
1335093154.03948 2.516937 1.172045 -1.631995975 
1335093154.14781 2.517490 1.168717 -1.545818675 
1335093154.2526 2.516488 1.164538 -1.518148675 
1335093154.36065 2.515288 1.155877 -1.625391975 
1335093154.42059 2.512269 1.150124 -1.555434675 
1335093154.52762 2.512615 1.146431 -1.595407975 
1335093154.63569 2.512825 1.141248 -1.628496975 
1335093154.74389 2.512945 1.135321 -1.612121975 
1335093154.85608 2.512555 1.132186 -1.582231975 
1335093154.91615 2.513143 1.126927 -1.620252975 
1335093155.02355 2.512663 1.121725 -1.617499975 
1335093155.13124 2.512511 1.115588 -1.576451975 
1335093155.23926 2.512416 1.111595 -1.610387975 
1335093155.34699 2.512884 1.105466 -1.570585675 
1335093155.45508 2.513196 1.101832 -1.549598675 
1335093155.5627 2.510952 1.098149 -1.438016675 
1335093155.62282 2.510576 1.089209 -1.569603675 
1335093155.73024 2.512040 1.084700 -1.505657675 
1335093155.84243 2.507235 1.077464 -1.604611975 
1335093155.9506 2.506692 1.071286 -1.566844675 
1335093156.05904 2.509807 1.069555 -1.514587675 
1335093156.11906 2.507788 1.062270 -1.613928975 
1335093156.22598 2.507967 1.057526 -1.580444975 
1335093156.33311 2.507708 1.052440 -1.627689975 
1335093156.44055 2.507438 1.047770 -1.622133975 
1335093156.54899 2.507848 1.042281 -1.602983975 
1335093156.65732 2.507533 1.038460 -1.539340675 
1335093156.71755 2.505351 1.035255 -1.445760675 
1335093156.8247 2.505405 1.027021 -1.548892675 
1335093156.93668 2.502143 1.019945 -1.605007975 
1335093157.0457 2.502151 1.015266 -1.644417975 
1335093157.15374 2.502546 1.010317 -1.593094975 
1335093157.26167 2.502125 1.005651 -1.594552975 
1335093157.32192 2.502653 0.999218 -1.626466975 
1335093157.42904 2.502617 0.994649 -1.600040975 
1335093157.53622 2.502198 0.989780 -1.599776975 
1335093157.6435 2.502071 0.985415 -1.562866675 
1335093157.75171 2.502172 0.978825 -1.574655975 
1335093157.85965 2.502406 0.974747 -1.536496675 
1335093157.91965 2.500009 0.967228 -1.606257975 
1335093158.03061 2.496721 0.963866 -1.710271975 
1335093158.13881 2.495682 0.955506 -1.688029975 
1335093158.24735 2.497821 0.953064 -1.509227675 
1335093158.35533 2.497672 0.948464 -1.549290675 
1335093158.41581 2.497713 0.944760 -1.535326675 
1335093158.52282 2.498535 0.937501 -1.524433675 
1335093158.63061 2.497888 0.932799 -1.541383675 
1335093158.73855 2.498346 0.928009 -1.568922675 
1335093158.84712 2.498381 0.921941 -1.557979675 
1335093158.95446 2.498488 0.916918 -1.579043975 
1335093159.06723 2.498142 0.912199 -1.525452675 
1335093159.12716 2.498825 0.907667 -1.474475675 
1335093159.23414 2.497774 0.901341 -1.497336675 
1335093159.3412 2.496359 0.894674 -1.589365975 
1335093159.44924 2.494970 0.888740 -1.525711675 
1335093159.55713 2.492032 0.882807 -1.496048675 
1335093159.61673 2.494782 0.880711 -1.569665675 
1335093159.72335 2.494211 0.874241 -1.572693975 
1335093159.83092 2.493553 0.869945 -1.605993975 
1335093159.93872 2.494475 0.863255 -1.570796675 
1335093160.05008 2.494586 0.859191 -1.545227675 
1335093160.15816 2.494842 0.854422 -1.536536675 
1335093160.21786 2.494933 0.847581 -1.599228975 
1335093160.32441 2.494826 0.844395 -1.501555675 
1335093160.43157 2.491977 0.841475 -1.417811675 
1335093160.53909 2.491588 0.832101 -1.538772675 
1335093160.64728 2.487842 0.824602 -1.511734675 
1335093160.75342 2.489603 0.820402 -1.613901975 
1335093160.86157 2.489241 0.815445 -1.521978675 
1335093160.92124 2.492215 0.812913 -1.532561675 
1335093161.02878 2.490466 0.806693 -1.595221975 
1335093161.14018 2.490830 0.799590 -1.582616975 
1335093161.24821 2.488206 0.793998 -1.610123975 
1335093161.35595 2.490500 0.789600 -1.598347975 
1335093161.41608 2.486401 0.780134 -1.676632975 
1335093161.52261 2.483872 0.775185 -1.687330975 
1335093161.62962 2.486665 0.773914 -1.557251675 
1335093161.73741 2.483390 0.764617 -1.554944675 
1335093161.84539 2.484830 0.761421 -1.420033675 
1335093161.95313 2.486213 0.757620 -1.515268675 
1335093162.06081 2.484922 0.751796 -1.440435675 
1335093162.1174 2.487215 0.747673 -1.470894675 
1335093162.22779 2.487215 0.741986 -1.507788675 
1335093162.33529 2.487076 0.736924 -1.479511675 
1335093162.44243 2.487405 0.731720 -1.501048675 
1335093162.55046 2.487320 0.725724 -1.474041675 
1335093162.65832 2.487830 0.721073 -1.514368675 
1335093162.71798 2.487966 0.715574 -1.558441675 
1335093162.82482 2.488574 0.711180 -1.456474675 
1335093162.93205 2.486924 0.703661 -1.539098675 
1335093163.0409 2.484586 0.698520 -1.555228675 
1335093163.149 2.482008 0.691059 -1.628734975 
1335093163.26083 2.484051 0.688771 -1.519999675 
1335093163.32038 2.483553 0.683698 -1.515858675 
1335093163.42686 2.484165 0.680053 -1.328483675 
1335093163.53353 2.484195 0.672866 -1.499894675 
1335093163.64167 2.484461 0.665905 -1.470662675 
1335093163.74962 2.485038 0.663364 -1.503403675 
1335093163.85752 2.487219 0.659650 -1.450015675 
1335093163.91679 2.485606 0.652319 -1.462707675 
1335093164.02346 2.486050 0.645951 -1.496696675 
1335093164.13037 2.484128 0.640201 -1.521702675 
1335093164.24222 2.486822 0.635540 -1.508825675 
1335093164.35021 2.482952 0.626558 -1.607815975 
1335093164.45811 2.480446 0.621849 -1.596401975 
1335093164.51789 2.484738 0.617720 -1.534018675 
1335093164.62451 2.480330 0.611906 -1.565104675 
1335093164.73197 2.483940 0.604900 -1.494992675 
1335093164.83975 2.482347 0.601185 -1.385470675 
1335093164.94776 2.484684 0.600543 -1.338814675 
1335093165.05658 2.483882 0.591133 -1.397895675 
1335093165.11645 2.480215 0.582651 -1.426951675 
1335093165.22312 2.483906 0.579588 -1.510495675 
1335093165.33434 2.483802 0.573721 -1.381362675 
1335093165.44025 2.483908 0.567293 -1.396261675 
1335093165.54835 2.485737 0.566053 -1.420749675 
1335093165.65644 2.484838 0.557982 -1.361607675 
1335093165.71626 2.487309 0.555365 -1.377979675 
1335093165.82279 2.486568 0.548210 -1.359439675 
1335093165.92995 2.486868 0.542860 -1.325314675 
1335093166.03732 2.488101 0.539743 -1.395845675 
1335093166.14526 2.487029 0.531732 -1.390155675 
1335093166.25302 2.489096 0.530217 -1.398892675 
1335093166.36456 2.490284 0.524799 -1.314383675 
1335093166.42442 2.488405 0.522498 -1.374138675 
1335093166.53122 2.491025 0.519019 -1.323570675 
1335093166.65045 2.492611 0.515771 -1.303601675 
1335093166.75876 2.489961 0.512499 -1.335147675 
1335093166.81847 2.491878 0.513255 -1.554111675 
1335093166.92435 2.489645 0.512084 -1.722964975 
1335093167.01932 2.488872 0.513660 -2.033338975 
1335093167.11626 2.483801 0.514073 -2.422106975 
1335093167.21628 2.479296 0.510273 -2.615856975 
1335093167.31634 2.473258 0.509570 -2.672211975 
1335093167.4233 2.470707 0.507994 -2.754765975 
1335093167.53063 2.466552 0.507988 -2.718193975 
1335093167.63808 2.460316 0.503054 -2.741455975 
1335093167.74596 2.455365 0.504115 -2.921083975 
1335093167.85363 2.449172 0.504199 -2.876930975 
1335093167.96138 2.446090 0.503007 -2.908050975 
1335093168.02115 2.439794 0.502069 -3.053227975 
1335093168.12718 2.433119 0.501125 -3.111105975 
1335093168.23443 2.428106 0.499873 -3.119165975 
1335093168.34486 2.423954 0.501918 -3.080686975 
1335093168.45263 2.416588 0.500551 -3.125483975 
1335093168.5606 2.413838 0.501466 -3.057985975 
1335093168.62014 2.407686 0.501594 -3.107459975 
1335093168.72699 2.406182 0.498029 -2.999212975 
1335093168.83416 2.398252 0.501905 -3.091525975 
1335093168.94129 2.389320 0.497293 -3.113788975 
1335093169.05026 2.386588 0.500737 3.105714325 
1335093169.158 2.379995 0.497989 -3.095026975 
1335093169.21784 2.375084 0.498342 3.049064325 
1335093169.32448 2.370429 0.498158 -3.123738975 
1335093169.43562 2.363462 0.498323 -3.126063975 
1335093169.5384 2.359004 0.497462 3.140561325 
1335093169.6399 2.354571 0.499856 -3.137282975 
1335093169.74801 2.348114 0.497689 3.113372325 
1335093169.85582 2.344659 0.499466 -3.118404975 
1335093169.96329 2.338155 0.499872 3.125247325 
1335093170.02309 2.333201 0.501298 3.133466325 
1335093170.12987 2.328669 0.500901 -3.128136975 
1335093170.23734 2.321738 0.499534 3.120595325 
1335093170.34439 2.319285 0.499746 -3.115369975 
1335093170.4563 2.311285 0.495367 -3.113168975 
1335093170.51634 2.305689 0.497135 3.076566325 
1335093170.62283 2.301103 0.496210 -3.129982975 
1335093170.73042 2.294733 0.496703 -3.113926975 
1335093170.83796 2.289986 0.495693 3.084958325 
1335093170.94578 2.285597 0.497230 -3.132302975 
1335093171.05418 2.279042 0.498398 3.091402325 
1335093171.15829 2.275181 0.497339 3.141565325 
1335093171.21812 2.268492 0.498696 -3.123949975 
1335093171.32362 2.261860 0.497496 3.071833325 
1335093171.4349 2.259919 0.499136 -3.119678975 
1335093171.54207 2.251489 0.495579 -3.087128975 
1335093171.64925 2.251025 0.498039 -3.066460975 
1335093171.75698 2.243218 0.496344 -3.132224975 
1335093171.81689 2.235247 0.494220 3.132903325 
1335093171.92336 2.233014 0.496673 3.122428325 
1335093172.03049 2.226412 0.493975 -3.100036975 
1335093172.13815 2.220326 0.494302 3.070086325 
1335093172.2459 2.216669 0.494949 3.141194325 
1335093172.35382 2.209968 0.496201 3.137041325 
1335093172.4652 2.204711 0.494655 3.097816325 
1335093172.52505 2.199445 0.495675 3.126922325 
1335093172.63197 2.193426 0.495772 3.119946325 
1335093172.73974 2.191505 0.495625 -3.056198975 
1335093172.84782 2.184009 0.496907 -3.121541975 
1335093172.95493 2.178509 0.497832 -3.080644975 
1335093173.06314 2.175308 0.496781 -3.084531975 
1335093173.12297 2.167679 0.496919 3.141509325 
1335093173.22961 2.162532 0.495835 3.075018325 
1335093173.33698 2.158351 0.497141 3.141394325 
1335093173.44462 2.150235 0.492551 -3.099486975 
1335093173.55721 2.146939 0.497536 3.058904325 
1335093173.61706 2.142617 0.495627 -3.127918975 
1335093173.72361 2.134377 0.492820 -3.126063975 
1335093173.83103 2.131542 0.494525 3.095113325 
1335093173.9386 2.126071 0.494892 3.139651325 
1335093174.04642 2.118966 0.494651 3.104616325 
1335093174.15304 2.115350 0.494743 -3.129574975 
1335093174.26093 2.109495 0.495278 -3.131098975 
1335093174.32053 2.103115 0.495009 3.097830325 
1335093174.42711 2.098963 0.495021 -3.134334975 
1335093174.5388 2.092695 0.495154 -3.128476975 
1335093174.64681 2.087165 0.495172 3.121247325 
1335093174.75471 2.083766 0.496196 -3.131823975 
1335093174.86263 2.076655 0.495359 3.139790325 
1335093174.92232 2.074522 0.497035 -3.068526975 
1335093175.03015 2.067220 0.494558 3.127522325 
1335093175.13787 2.060528 0.495247 -3.112377975 
1335093175.24549 2.056639 0.496353 3.114554325 
1335093175.35352 2.052211 0.493635 -3.123850975 
1335093175.46128 2.043897 0.491120 -3.124183975 
1335093175.52098 2.040040 0.494228 3.110760325 
1335093175.63157 2.035680 0.494031 -3.106885975 
1335093175.73925 2.028443 0.492972 3.116877325 
1335093175.84741 2.024829 0.493966 3.134877325 
1335093175.95522 2.019881 0.494036 3.137041325 
1335093176.06009 2.012114 0.494152 3.116877325 
1335093176.11964 2.008652 0.494315 -3.139003975 
1335093176.22632 2.002671 0.494367 3.135353325 
1335093176.3337 1.995407 0.494020 3.119477325 
1335093176.44143 1.992045 0.493741 -3.102735975 
1335093176.54943 1.985944 0.494967 -3.129369975 
1335093176.66156 1.981669 0.495981 -3.090175975 
1335093176.72135 1.978053 0.495293 -3.066404975 
1335093176.82823 1.970725 0.495016 -3.131637975 
1335093176.93575 1.965525 0.494575 3.135567325 
1335093177.04402 1.960497 0.495629 3.116836325 
1335093177.15184 1.954536 0.495374 3.128799325 
1335093177.25985 1.950151 0.495002 3.107618325 
1335093177.31952 1.944634 0.495491 3.123628325 
1335093177.4263 1.938777 0.493279 -3.127918975 
1335093177.53369 1.933347 0.495425 3.136146325 
1335093177.64553 1.928820 0.496440 -3.102894975 
1335093177.75343 1.922426 0.492525 -3.118481975 
1335093177.86116 1.916702 0.493598 3.133200325 
1335093177.92077 1.912658 0.495761 -3.124103975 
1335093178.02748 1.906392 0.493518 -3.118481975 
1335093178.13474 1.899936 0.492806 3.104616325 
1335093178.24194 1.896810 0.494799 3.130956325 
1335093178.34982 1.890719 0.492790 -3.126063975 
1335093178.45806 1.883959 0.493758 3.104616325 
1335093178.51774 1.880563 0.493978 -3.132644975 
1335093178.6243 1.874991 0.495282 -3.137507975 
1335093178.73575 1.868030 0.494453 3.104417325 
1335093178.84306 1.864797 0.494794 -3.138269975 
1335093178.95114 1.859077 0.496187 -3.137507975 
1335093179.06033 1.851792 0.495412 3.116338325 
1335093179.11989 1.848488 0.495050 -3.135572975 
1335093179.2266 1.842797 0.496090 -3.120835975 
1335093179.33395 1.835480 0.495669 3.132982325 
1335093179.44163 1.833752 0.495815 -3.038857975 
1335093179.5485 1.826135 0.495427 -3.134827975 
1335093179.65618 1.819419 0.496466 3.141592325 
1335093179.76749 1.817469 0.498503 -3.047787975 
1335093179.82749 1.810106 0.496367 3.118016325 
1335093179.9344 1.804082 0.496121 3.126285325 
1335093180.0421 1.801539 0.498385 -3.058429975 
1335093180.14772 1.794335 0.497154 3.118016325 
1335093180.25552 1.787707 0.496758 -3.133402975 
1335093180.36324 1.783301 0.497348 3.122122325 
1335093180.42299 1.778534 0.497566 3.115432325 
1335093180.52973 1.771470 0.497445 3.130301325 
1335093180.63728 1.770080 0.499598 -3.064799975 
1335093180.74881 1.762761 0.498555 3.127980325 
1335093180.8566 1.756323 0.498428 -3.131637975 
1335093180.96391 1.751396 0.498555 3.077180325 
1335093181.02448 1.746702 0.498541 3.127716325 
1335093181.13153 1.740111 0.498843 3.130301325 
1335093181.23904 1.735571 0.499120 3.083583325 
1335093181.34692 1.731054 0.499208 3.127716325 
1335093181.45525 1.724613 0.500274 3.136336325 
1335093181.56247 1.719821 0.500025 3.122859325 
1335093181.62222 1.715108 0.499718 3.140053325 
1335093181.72911 1.708668 0.500429 3.137530325 
1335093181.84053 1.703632 0.500235 -3.137204975 
1335093181.94863 1.699112 0.500205 -3.128171975 
1335093182.05384 1.692720 0.500336 3.136693325 
1335093182.1474 1.687564 0.500167 -3.117062975 
1335093182.24103 1.683267 0.500169 -3.132743975 
1335093182.33469 1.677438 0.498746 3.131657325 
1335093182.42837 1.671579 0.499292 -3.129876975 
1335093182.52203 1.667438 0.500227 3.139534325 
1335093182.61713 1.660971 0.500877 3.126811325 
1335093182.71716 1.654776 0.499130 -3.103515975 
1335093182.82897 1.651037 0.501511 3.123713325 
1335093182.93691 1.645220 0.501045 3.136327325 
1335093183.04554 1.639227 0.499335 -3.105560975 
1335093183.15384 1.635244 0.500415 -3.133502975 
1335093183.26165 1.629647 0.501259 3.139574325 
1335093183.32114 1.623064 0.498980 -3.132146975 
1335093183.42776 1.618575 0.500468 -3.130978975 
1335093183.53527 1.613832 0.501659 -3.129892975 
1335093183.64251 1.607435 0.499511 -3.137804975 
1335093183.75089 1.602721 0.501226 3.137401325 
1335093183.86331 1.598056 0.502204 -3.117303975 
1335093183.9232 1.591263 0.500002 3.118647325 
1335093184.03003 1.587032 0.501635 -3.107383975 
1335093184.13756 1.582819 0.503028 3.133752325 
1335093184.24511 1.576117 0.500690 3.129763325 
1335093184.35309 1.570976 0.502061 -3.112977975 
1335093184.46094 1.566331 0.503463 3.137747325 
1335093184.52054 1.559658 0.503503 3.141326325 
1335093184.62721 1.554834 0.501596 -3.141229975 
1335093184.73485 1.550542 0.502313 -3.129871975 
1335093184.84277 1.544458 0.503859 -3.133526975 
1335093184.95591 1.538503 0.501659 -3.117894975 
1335093185.06427 1.533708 0.503364 -3.118519975 
1335093185.1241 1.529067 0.503829 -3.133589975 
1335093185.23088 1.521733 0.502446 3.094159325 
1335093185.33877 1.517588 0.503709 -3.112871975 
1335093185.44669 1.513694 0.504738 -3.134568975 
1335093185.55483 1.506685 0.504490 3.116855325 
1335093185.66263 1.501745 0.505650 -3.137776975 
1335093185.72253 1.497069 0.506090 -3.139735975 
1335093185.82932 1.490852 0.504323 3.125214325 
1335093185.94105 1.485688 0.505399 -3.110020975 
1335093186.04896 1.480615 0.506293 -3.103402975 
1335093186.15664 1.474957 0.505132 -3.140666975 
1335093186.26379 1.469689 0.506348 -3.123539975 
1335093186.32364 1.464102 0.506846 -3.122523975 
1335093186.43046 1.459765 0.506051 -3.129064975 
1335093186.53803 1.454353 0.506768 -3.124552975 
1335093186.64509 1.448438 0.507310 -3.101571975 
1335093186.75318 1.444222 0.506287 -3.122327975 
1335093186.86122 1.438806 0.506874 -3.117047975 
1335093186.92087 1.432391 0.507027 -3.128967975 
1335093187.0323 1.427664 0.507397 -3.128603975 
1335093187.14009 1.422716 0.506581 -3.130858975 
1335093187.24799 1.416757 0.507121 -3.117974975 
1335093187.35604 1.411236 0.508046 3.135811325 
1335093187.46346 1.406037 0.506608 -3.134105975 
1335093187.52357 1.400623 0.507025 -3.124552975 
1335093187.63018 1.395133 0.507683 -3.119105975 
1335093187.73769 1.391520 0.508121 -3.072583975 
1335093187.84525 1.385198 0.507854 -3.125503975 
1335093187.9531 1.379488 0.508594 -3.108510975 
1335093188.06491 1.373779 0.509597 3.116669325 
1335093188.1247 1.369434 0.508952 -3.132780975 
1335093188.23149 1.362922 0.509091 3.130671325 
1335093188.33807 1.358342 0.509697 3.127182325 
1335093188.44486 1.353096 0.509903 3.125308325 
1335093188.55268 1.347220 0.508956 -3.140164975 
1335093188.66059 1.342367 0.509618 -3.129582975 
1335093188.72033 1.337408 0.510523 3.119813325 
1335093188.82723 1.331449 0.509038 -3.125517975 
1335093188.93459 1.327297 0.510824 -3.085805975 
1335093189.04745 1.321053 0.510690 3.141223325 
1335093189.15566 1.315832 0.508922 -3.116641975 
1335093189.26319 1.311294 0.511513 -3.069966975 
1335093189.32296 1.305806 0.511494 3.124644325 
1335093189.42955 1.299278 0.511044 3.137457325 
1335093189.53702 1.294914 0.512631 -3.109383975 
1335093189.64446 1.290472 0.513661 -3.133635975 
1335093189.75247 1.282876 0.511621 3.112488325 
1335093189.8604 1.278739 0.514325 -3.121927975 
1335093189.92008 1.273913 0.514880 -3.124295975 
1335093190.02671 1.267351 0.513909 3.137429325 
1335093190.13776 1.263450 0.514608 -3.086475975 
1335093190.24543 1.256971 0.515222 -3.100988975 
1335093190.35323 1.251752 0.514051 -3.122597975 
1335093190.46129 1.246865 0.514369 -3.117047975 
1335093190.52078 1.241327 0.514865 -3.110191975 
1335093190.62752 1.235383 0.514841 -3.122712975 
1335093190.73497 1.230602 0.514485 -3.127843975 
1335093190.84219 1.225398 0.516115 -3.091879975 
1335093190.94999 1.220328 0.515414 -3.103689975 
1335093191.05869 1.215358 0.514321 -3.096017975 
1335093191.1184 1.210205 0.516122 -3.100738975 
1335093191.22848 1.204468 0.516054 -3.116933975 
1335093191.3359 1.199178 0.515996 3.130562325 
1335093191.44297 1.193941 0.515569 -3.121427975 
1335093191.55092 1.189248 0.516548 -3.102882975 
1335093191.65892 1.183272 0.516050 -3.137259975 
1335093191.71864 1.178374 0.516150 -3.077050975 
1335093191.82528 1.172695 0.517543 -3.111804975 
1335093191.93251 1.167088 0.517373 3.133941325 
1335093192.04022 1.162336 0.517499 -3.082032975 
1335093192.14837 1.157082 0.518044 -3.107953975 
1335093192.2606 1.151524 0.518442 3.121466325 
1335093192.31758 1.145477 0.518178 -3.109950975 
1335093192.42315 1.140965 0.519673 -3.087168975 
1335093192.53048 1.135483 0.519919 -3.139146975 
1335093192.63768 1.130346 0.519535 -3.087134975 
1335093192.74592 1.125068 0.519796 -3.112253975 
1335093192.8537 1.119436 0.520288 -3.118451975 
1335093192.96151 1.115243 0.519778 -3.108219975 
1335093193.02181 1.108995 0.519852 -3.125594975 
1335093193.12877 1.103310 0.520115 -3.134955975 
1335093193.24028 1.099430 0.519757 -3.099196975 
1335093193.34829 1.093599 0.520164 -3.079866975 
1335093193.45595 1.087780 0.520217 -3.075114975 
1335093193.56349 1.083331 0.520081 -3.097568975 
1335093193.62306 1.077055 0.520429 -3.097371975 
1335093193.72996 1.071914 0.521744 -3.106838975 
1335093193.83724 1.065268 0.521355 3.123276325 
1335093193.94482 1.061026 0.520928 -3.112559975 
1335093194.05148 1.056190 0.522962 -3.108414975 
1335093194.15971 1.050320 0.522633 -3.136580975 
1335093194.21943 1.045985 0.521813 -3.059758975 
1335093194.32972 1.040025 0.522977 -3.089584975 
1335093194.43697 1.034754 0.522904 -3.126666975 
1335093194.54388 1.030118 0.522333 -3.059523975 
1335093194.65118 1.024249 0.524134 -3.086212975 
1335093194.75917 1.019280 0.524729 -3.095589975 
1335093194.8189 1.013833 0.523521 -3.060118975 
1335093194.92541 1.008358 0.523708 -3.082184975 
1335093195.0337 1.002434 0.524307 -3.118451975 
1335093195.14158 0.997413 0.523583 -3.079880975 
1335093195.24896 0.992063 0.523899 -3.100534975 
1335093195.36118 0.987534 0.524334 -3.080963975 
1335093195.42097 0.981720 0.523323 -3.083390975 
1335093195.52764 0.977005 0.523926 -3.107393975 
1335093195.63498 0.970818 0.524404 -3.096085975 
1335093195.74322 0.965979 0.524180 -3.086297975 
1335093195.85128 0.959773 0.525820 -3.088356975 
1335093195.95955 0.954253 0.526370 -3.110621975 
1335093196.01949 0.950090 0.525917 -3.084892975 
1335093196.12614 0.944361 0.526505 -3.061805975 
1335093196.2333 0.938768 0.527134 -3.129674975 
1335093196.34495 0.934109 0.526263 -3.101524975 
1335093196.45348 0.928776 0.527115 -3.048654975 
1335093196.56148 0.922788 0.528412 -3.086433975 
1335093196.62105 0.918800 0.527284 -3.042700975 
1335093196.72808 0.913102 0.526894 -3.059293975 
1335093196.83541 0.906547 0.527622 -3.113276975 
1335093196.94354 0.902065 0.527170 -3.059283975 
1335093197.05269 0.897141 0.526978 -3.060641975 
1335093197.15717 0.890853 0.526980 -3.088052975 
1335093197.26449 0.885694 0.526771 -3.046692975 
1335093197.32444 0.880762 0.527621 -3.116501975 
1335093197.43529 0.875086 0.528229 -3.088549975 
1335093197.54327 0.869860 0.526911 -3.055259975 
1335093197.65058 0.864108 0.528899 -3.101591975 
1335093197.75848 0.858655 0.529945 -3.101506975 
1335093197.81826 0.854300 0.528085 -3.065807975 
1335093197.92481 0.847729 0.529248 -3.053815975 
1335093198.03198 0.841522 0.530512 -3.089150975 
1335093198.13974 0.838098 0.528256 -3.051698975 
1335093198.248 0.832505 0.530279 -3.028954975 
1335093198.35645 0.824945 0.528701 -3.049397975 
1335093198.46794 0.822639 0.528966 -3.035098975 
1335093198.52797 0.816480 0.529314 -3.035461975 
1335093198.63478 0.809570 0.530011 -3.040875975 
1335093198.74297 0.807247 0.529764 -3.011948975 
1335093198.85084 0.800473 0.528699 -3.044712975 
1335093198.95927 0.794600 0.530211 -3.035067975 
1335093199.01969 0.790781 0.528912 -3.012884975 
1335093199.12668 0.784004 0.529560 -3.070882975 
1335093199.23403 0.779745 0.529097 -3.036289975 
1335093199.34171 0.773181 0.529512 -3.081440975 
1335093199.45366 0.767737 0.529202 -3.078077975 
1335093199.56166 0.763666 0.530011 -3.057523975 
1335093199.62125 0.756364 0.529085 -3.063813975 
1335093199.7282 0.751119 0.530532 -3.037105975 
1335093199.83546 0.747415 0.529524 -3.035179975 
1335093199.94362 0.741171 0.529640 -3.048054975 
1335093200.05192 0.734889 0.531997 -3.042386975 
1335093200.15974 0.730605 0.529738 -3.024800975 
1335093200.21946 0.725995 0.529763 -3.057372975 
1335093200.32605 0.719095 0.531254 -3.044178975 
1335093200.43325 0.716029 0.529477 -3.004796975 
1335093200.54521 0.710000 0.530825 -3.014249975 
1335093200.65313 0.703861 0.528907 -3.007655975 
1335093200.76139 0.699819 0.529383 -3.012305975 
1335093200.82101 0.693501 0.529822 -3.015140975 
1335093200.92766 0.688850 0.528486 -2.966326975 
1335093201.03587 0.684083 0.529350 -3.002069975 
1335093201.14248 0.677734 0.529634 -3.010921975 
1335093201.24945 0.673131 0.528919 -2.962413975 
1335093201.35691 0.667712 0.528354 -2.990895975 
1335093201.46439 0.661673 0.528020 -3.004221975 
1335093201.52407 0.656698 0.528249 -2.950638975 
1335093201.6347 0.651347 0.527577 -3.004672975 
1335093201.74255 0.647009 0.527381 -2.964845975 
1335093201.85104 0.641160 0.527608 -2.994689975 
1335093201.95848 0.635566 0.526497 -3.004415975 
1335093202.01821 0.630924 0.526354 -2.990150975 
1335093202.12467 0.624692 0.526759 -2.987209975 
1335093202.23199 0.619299 0.525723 -2.990167975 
1335093202.33946 0.614448 0.526578 -2.992798975 
1335093202.44749 0.608524 0.526893 -2.984434975 
1335093202.55531 0.603374 0.525436 -2.933360975 
1335093202.66676 0.598125 0.525326 -2.950488975 
1335093202.72689 0.591766 0.523082 -2.953636975 
1335093202.83369 0.587210 0.523636 -2.932012975 
1335093202.94125 0.581257 0.523438 -2.953371975 
1335093203.05052 0.577244 0.522161 -2.897814975 
1335093203.15844 0.571180 0.522284 -2.921353975 
1335093203.21846 0.565177 0.521790 -2.921610975 
1335093203.32487 0.561645 0.520841 -2.887411975 
1335093203.43208 0.555165 0.519322 -2.905803975 
1335093203.53966 0.550044 0.519824 -2.831895975 
1335093203.65214 0.544846 0.518248 -2.872369975 
1335093203.76 0.540195 0.517681 -2.843061975 
1335093203.81971 0.535038 0.517075 -2.832674975 
1335093203.92625 0.529668 0.514830 -2.881667975 
1335093204.03368 0.525893 0.514581 -2.815066975 
1335093204.14116 0.523575 0.513418 -2.789696975 
1335093204.24925 0.519468 0.512499 -2.806246975 
1335093204.35959 0.516097 0.511753 -2.802899975 
1335093204.41922 0.512823 0.511753 -2.902456975 
1335093204.52569 0.512792 0.513442 3.132905325 
1335093204.63286 0.513757 0.515883 2.865275325 
1335093204.74489 0.513759 0.519028 2.617701325 
1335093204.84993 0.510059 0.523274 2.425260325 
1335093204.95753 0.506798 0.529159 2.171201325 
1335093205.06565 0.505663 0.534230 1.998505325 
1335093205.12564 0.503333 0.539312 1.875269325 
1335093205.23252 0.503890 0.543498 1.815513325 
1335093205.3399 0.502014 0.548337 1.742591325 
1335093205.4481 0.500041 0.553345 1.739174325 
1335093205.55594 0.498809 0.559849 1.635793325 
1335093205.66362 0.497964 0.564727 1.655733325 
1335093205.72336 0.497989 0.570045 1.651411325 
1335093205.83417 0.497971 0.575944 1.609840325 
1335093205.94183 0.497518 0.580930 1.601720325 
1335093206.04928 0.496456 0.585899 1.609445325 
1335093206.15691 0.495855 0.591415 1.588148325 
1335093206.26436 0.495204 0.597277 1.577127325 
1335093206.32415 0.494475 0.601384 1.596442325 
1335093206.43088 0.492120 0.607655 1.584076325 
1335093206.53849 0.493503 0.611426 1.589565325 
1335093206.64605 0.493042 0.617556 1.582017325 
1335093206.75432 0.493290 0.623953 1.532321325 
1335093206.86603 0.492082 0.628478 1.559975325 
1335093206.92578 0.491181 0.633272 1.574330325 
1335093207.03389 0.490997 0.638484 1.541542325 
1335093207.14142 0.490053 0.643155 1.581447325 
1335093207.25007 0.489710 0.649835 1.569880325 
1335093207.35705 0.489373 0.653977 1.603648325 
1335093207.46433 0.489073 0.659146 1.586631325 
1335093207.52405 0.488645 0.666480 1.554212325 
1335093207.63071 0.488322 0.670507 1.557353325 
1335093207.73865 0.487912 0.676277 1.551733325 
1335093207.85024 0.487885 0.681797 1.534817325 
1335093207.95712 0.487453 0.686431 1.591990325 
1335093208.06457 0.485563 0.692819 1.575610325 
1335093208.12449 0.485233 0.697431 1.574834325 
1335093208.23124 0.484532 0.701757 1.593231325 
1335093208.33882 0.483606 0.708011 1.575326325 
1335093208.44628 0.483732 0.712357 1.547817325 
1335093208.5541 0.483905 0.718206 1.569115325 
1335093208.66199 0.483156 0.724024 1.547620325 
1335093208.72171 0.483468 0.728784 1.567112325 
1335093208.82855 0.482818 0.733151 1.569409325 
1335093208.94001 0.481917 0.739489 1.582805325 
1335093209.04926 0.481498 0.744510 1.598954325 
1335093209.157 0.480566 0.750594 1.565420325 
1335093209.26455 0.480565 0.756680 1.541574325 
1335093209.32431 0.479465 0.760616 1.592140325 
1335093209.43102 0.479821 0.766489 1.553600325 
1335093209.53858 0.479959 0.773397 1.509554325 
1335093209.6465 0.479523 0.777164 1.559987325 
1335093209.75443 0.478708 0.782040 1.557825325 
1335093209.86227 0.478526 0.789088 1.497410325 
1335093209.92189 0.479170 0.792553 1.582412325 
1335093210.03259 0.477918 0.799135 1.568705325 
1335093210.14009 0.477807 0.803517 1.586986325 
1335093210.24806 0.476878 0.808023 1.572523325 
1335093210.35597 0.475968 0.815056 1.590467325 
1335093210.46374 0.475889 0.821081 1.507407325 
1335093210.5234 0.476291 0.824296 1.582017325 
1335093210.63011 0.476771 0.830862 1.549472325 
1335093210.73758 0.475652 0.836169 1.523030325 
1335093210.84425 0.475434 0.840438 1.576315325 
1335093210.95205 0.474934 0.847191 1.563749325 
1335093211.06089 0.474933 0.851217 1.563020325 
1335093211.15437 0.473204 0.856459 1.564066325 
1335093211.24795 0.473549 0.863040 1.537072325 
1335093211.34162 0.473614 0.867541 1.612816325 
1335093211.43527 0.472177 0.872606 1.583169325 
1335093211.52906 0.472055 0.879180 1.552915325 
1335093211.62309 0.471659 0.884398 1.524767325 
1335093211.71871 0.471165 0.888699 1.555978325 
1335093211.81878 0.471486 0.894682 1.527021325 
1335093211.92636 0.471661 0.898768 1.561393325 
1335093212.03819 0.470729 0.903840 1.582431325 
1335093212.14595 0.470674 0.910532 1.542635325 
1335093212.25413 0.470967 0.914677 1.557725325 
1335093212.36248 0.468689 0.920232 1.559737325 
1335093212.42249 0.469868 0.924835 1.577858325 
1335093212.52917 0.469016 0.929769 1.619473325 
1335093212.63683 0.467903 0.936530 1.555602325 
1335093212.74506 0.468928 0.942030 1.537732325 
1335093212.85413 0.468287 0.945128 1.579719325 
1335093212.9617 0.467664 0.951666 1.529240325 
1335093213.02361 0.467455 0.956976 1.547032325 
1335093213.13492 0.468064 0.961500 1.580399325 
1335093213.24294 0.467693 0.967554 1.547016325 
1335093213.35026 0.468026 0.973169 1.518987325 
1335093213.45901 0.467344 0.978451 1.555924325 
1335093213.51914 0.466404 0.983004 1.557322325 
1335093213.62601 0.466045 0.987980 1.562965325 
1335093213.73365 0.465752 0.994096 1.563906325 
1335093213.8417 0.464674 0.999540 1.569667325 
1335093213.95013 0.465445 1.005096 1.511702325 
1335093214.05857 0.464266 1.008940 1.608253325 
1335093214.11888 0.464636 1.015311 1.548328325 
1335093214.2295 0.464855 1.022350 1.492833325 
1335093214.33724 0.464129 1.024916 1.568253325 
1335093214.4447 0.464023 1.031483 1.544620325 
1335093214.55185 0.464309 1.036475 1.550732325 
1335093214.66016 0.465677 1.041693 1.540440325 
1335093214.72034 0.463872 1.046988 1.580858325 
1335093214.82741 0.463758 1.052685 1.518988325 
1335093214.93501 0.463852 1.057707 1.556573325 
1335093215.04546 0.462625 1.062818 1.567338325 
1335093215.15373 0.462991 1.067950 1.550615325 
1335093215.26505 0.462820 1.073282 1.569855325 
1335093215.32514 0.461534 1.078249 1.586483325 
1335093215.43219 0.461652 1.084474 1.539200325 
1335093215.54005 0.461871 1.089661 1.590269325 
1335093215.64845 0.460791 1.093803 1.568632325 
1335093215.7565 0.460934 1.100993 1.521955325 
1335093215.86439 0.461841 1.104601 1.582359325 
1335093215.92455 0.459870 1.109944 1.570308325 
1335093216.03167 0.461144 1.116396 1.514559325 
1335093216.13923 0.460875 1.121217 1.523894325 
1335093216.25146 0.461112 1.125491 1.570352325 
1335093216.35953 0.460684 1.131974 1.541363325 
1335093216.41981 0.461185 1.137150 1.529297325 
1335093216.52653 0.461343 1.141481 1.590632325 
1335093216.63403 0.459620 1.147409 1.584228325 
1335093216.74235 0.459926 1.152793 1.533880325 
1335093216.84966 0.460642 1.158358 1.558610325 
1335093216.95687 0.459252 1.163122 1.554096325 
1335093217.06701 0.459674 1.168143 1.544144325 
1335093217.12735 0.459847 1.174039 1.579565325 
1335093217.23461 0.458982 1.178463 1.553166325 
1335093217.3468 0.459050 1.183352 1.557243325 
1335093217.45507 0.459776 1.189307 1.586679325 
1335093217.56329 0.457502 1.193619 1.550806325 
1335093217.62332 0.458763 1.198820 1.561805325 
1335093217.73071 0.459868 1.203504 1.560674325 
1335093217.83846 0.458478 1.208534 1.532964325 
1335093217.94683 0.457925 1.215627 1.487435325 
1335093218.05449 0.459298 1.220067 1.537988325 
1335093218.1628 0.458697 1.224187 1.545707325 
1335093218.22279 0.458569 1.231132 1.494631325 
1335093218.33389 0.459861 1.235544 1.549131325 
1335093218.44088 0.457624 1.240275 1.555513325 
1335093218.54835 0.458119 1.246705 1.508626325 
1335093218.65653 0.460210 1.251576 1.518040325 
1335093218.76397 0.458462 1.255561 1.555490325 
1335093218.82403 0.458490 1.262135 1.514516325 
1335093218.93098 0.458489 1.267525 1.533009325 
1335093219.04105 0.460008 1.271644 1.587225325 
1335093219.1495 0.458799 1.277878 1.533677325 
1335093219.25656 0.459084 1.283068 1.544671325 
1335093219.36881 0.458464 1.287198 1.564203325 
1335093219.42907 0.458996 1.293142 1.535094325 
1335093219.53564 0.458573 1.298249 1.543189325 
1335093219.64294 0.458232 1.302346 1.580480325 
1335093219.75189 0.458681 1.308675 1.551499325 
1335093219.85989 0.457622 1.314448 1.579557325 
1335093219.92005 0.458218 1.317823 1.592168325 
1335093220.02694 0.458226 1.324838 1.569754325 
1335093220.13444 0.457700 1.330088 1.556943325 
1335093220.24254 0.458268 1.334486 1.551700325 
1335093220.3507 0.458282 1.339904 1.565961325 
1335093220.46313 0.458120 1.346597 1.528265325 
1335093220.5231 0.458534 1.350365 1.552483325 
1335093220.63005 0.458980 1.355374 1.578462325 
1335093220.73815 0.458617 1.361536 1.522020325 
1335093220.84564 0.458200 1.366342 1.528302325 
1335093220.95408 0.458978 1.371561 1.549427325 
1335093221.06277 0.459069 1.376689 1.523092325 
1335093221.12274 0.458908 1.381491 1.520733325 
1335093221.22961 0.459095 1.387500 1.548104325 
1335093221.33738 0.459513 1.392501 1.551284325 
1335093221.44833 0.459050 1.399203 1.516447325 
1335093221.55683 0.459297 1.402580 1.547031325 
1335093221.66478 0.459849 1.408239 1.576928325 
1335093221.72515 0.460592 1.414888 1.521534325 
1335093221.83221 0.459612 1.419101 1.532905325 
1335093221.94016 0.460244 1.424796 1.564456325 
1335093222.04817 0.460717 1.430062 1.525026325 
1335093222.15639 0.460859 1.435893 1.546998325 
1335093222.26438 0.460867 1.440287 1.551923325 
1335093222.32463 0.460950 1.445137 1.525026325 
1335093222.43162 0.461237 1.451857 1.537362325 
1335093222.54335 0.461467 1.456287 1.560431325 
1335093222.65057 0.461978 1.461383 1.572736325 
1335093222.75846 0.461550 1.467648 1.522006325 
1335093222.86592 0.462746 1.472813 1.510813325 
1335093222.92586 0.462700 1.477993 1.546887325 
1335093223.0346 0.462677 1.482999 1.534933325 
1335093223.14271 0.462529 1.489740 1.520863325 
1335093223.24989 0.464084 1.494301 1.523356325 
1335093223.3574 0.462887 1.498843 1.565885325 
1335093223.4651 0.462745 1.505035 1.513097325 
1335093223.5247 0.463920 1.510266 1.538842325 
1335093223.63513 0.463318 1.514903 1.566474325 
1335093223.74295 0.463244 1.520595 1.534478325 
1335093223.84996 0.464537 1.525668 1.553724325 
1335093223.95781 0.464630 1.531950 1.504746325 
1335093224.06563 0.463856 1.535715 1.532800325 
1335093224.12547 0.464312 1.541296 1.543666325 
1335093224.23227 0.464902 1.547233 1.514865325 
1335093224.3396 0.464406 1.551120 1.564660325 
1335093224.44629 0.465215 1.557336 1.535945325 
1335093224.55411 0.465626 1.562379 1.555913325 
1335093224.66598 0.465668 1.567559 1.589122325 
1335093224.72604 0.465330 1.572644 1.546911325 
1335093224.83268 0.466430 1.577075 1.548079325 
1335093224.94008 0.466313 1.583251 1.555042325 
1335093225.04913 0.466981 1.588731 1.513740325 
1335093225.15687 0.467381 1.592918 1.545825325 
1335093225.26454 0.467227 1.598646 1.567150325 
1335093225.3243 0.467324 1.603451 1.529828325 
1335093225.43093 0.468390 1.609763 1.555415325 
1335093225.53817 0.468919 1.613896 1.548928325 
1335093225.64955 0.470144 1.619004 1.560041325 
1335093225.75733 0.469699 1.625965 1.513875325 
1335093225.86497 0.470544 1.630064 1.537819325 
1335093225.92466 0.470862 1.634642 1.544097325 
1335093226.03131 0.471068 1.640703 1.526550325 
1335093226.13876 0.471870 1.645605 1.519049325 
1335093226.24612 0.472016 1.651111 1.538875325 
1335093226.35316 0.471166 1.656044 1.537864325 
1335093226.45988 0.473422 1.661162 1.575795325 
1335093226.56665 0.472412 1.667200 1.521152325 
1335093226.6265 0.472171 1.671450 1.564660325 
1335093226.73754 0.472284 1.676530 1.577537325 
1335093226.84452 0.473161 1.682670 1.525631325 
1335093226.95272 0.473026 1.687041 1.552985325 
1335093227.06138 0.472937 1.692659 1.532586325 
1335093227.12119 0.473590 1.698002 1.531554325 
1335093227.22779 0.473672 1.702486 1.544845325 
1335093227.33498 0.474449 1.709076 1.511500325 
1335093227.44259 0.474991 1.712935 1.537180325 
1335093227.55071 0.476676 1.718740 1.544221325 
1335093227.65843 0.476809 1.724248 1.530111325 
1335093227.7698 0.477421 1.728967 1.534542325 
1335093227.82995 0.477754 1.734610 1.553673325 
1335093227.93692 0.478105 1.739193 1.548650325 
1335093228.04478 0.477875 1.745500 1.542920325 
1335093228.15224 0.479154 1.749833 1.543133325 
1335093228.25992 0.478851 1.754688 1.555892325 
1335093228.31989 0.479151 1.759671 1.579284325 
1335093228.42475 0.479091 1.765947 1.528059325 
1335093228.51966 0.478907 1.769830 1.577173325 
1335093228.61965 0.479525 1.775032 1.587381325 
1335093228.72383 0.480009 1.780986 1.534234325 
1335093228.81965 0.479739 1.785047 1.547482325 
1335093228.91972 0.481031 1.791978 1.536521325 
1335093229.02843 0.481456 1.796472 1.525861325 
1335093229.13627 0.482533 1.801265 1.564171325 
1335093229.24456 0.483110 1.807228 1.522775325 
1335093229.35285 0.484134 1.811742 1.528985325 
1335093229.46065 0.484298 1.817223 1.549392325 
1335093229.52062 0.484650 1.821794 1.568231325 
1335093229.62749 0.484873 1.828173 1.542979325 
1335093229.73958 0.485115 1.832810 1.556050325 
1335093229.8461 0.484667 1.837989 1.554072325 
1335093229.95454 0.485798 1.842664 1.576045325 
1335093230.06285 0.485979 1.848750 1.544895325 
1335093230.12275 0.485574 1.852763 1.581828325 
1335093230.22966 0.486814 1.858109 1.553197325 
1335093230.33742 0.487034 1.863961 1.519949325 
1335093230.4448 0.488149 1.869049 1.532331325 
1335093230.55333 0.489309 1.874218 1.569666325 
1335093230.66165 0.489067 1.879746 1.529915325 
1335093230.7218 0.489776 1.884628 1.577895325 
1335093230.83284 0.490317 1.890548 1.534629325 
1335093230.94054 0.490118 1.896030 1.526915325 
1335093231.04659 0.491023 1.899700 1.585583325 
1335093231.14843 0.490710 1.905566 1.564401325 
1335093231.25661 0.491604 1.911745 1.553419325 
1335093231.3647 0.490931 1.915604 1.593789325 
1335093231.42458 0.491456 1.920264 1.589303325 
1335093231.53166 0.492538 1.926753 1.571155325 
1335093231.63919 0.492088 1.932123 1.544218325 
1335093231.74724 0.494028 1.936361 1.593307325 
1335093231.86014 0.494352 1.942404 1.566234325 
1335093231.92016 0.494690 1.947643 1.534665325 
1335093232.02649 0.495881 1.952556 1.563704325 
1335093232.1342 0.495988 1.957977 1.525652325 
1335093232.24211 0.496583 1.962713 1.554884325 
1335093232.35083 0.496662 1.967900 1.553679325 
1335093232.45879 0.496803 1.974731 1.563770325 
1335093232.56643 0.497090 1.978214 1.608255325 
1335093232.62659 0.497033 1.982586 1.623567325 
1335093232.73415 0.497794 1.988918 1.561815325 
1335093232.84613 0.498086 1.994311 1.570668325 
1335093232.9547 0.498213 1.998675 1.573953325 
1335093233.0642 0.499554 2.004664 1.570124325 
1335093233.12413 0.499647 2.010053 1.538078325 
1335093233.23101 0.500592 2.015003 1.567670325 
1335093233.33829 0.501166 2.020930 1.570367325 
1335093233.44586 0.501495 2.024947 1.570578325 
1335093233.55406 0.502245 2.030395 1.579103325 
1335093233.6623 0.502378 2.036226 1.548119325 
1335093233.72218 0.501960 2.040359 1.586123325 
1335093233.82922 0.502271 2.045485 1.605197325 
1335093233.941 0.503100 2.050937 1.561815325 
1335093234.04803 0.503483 2.056517 1.576196325 
1335093234.15656 0.503711 2.060108 1.594353325 
1335093234.2647 0.504493 2.066188 1.572094325 
1335093234.32463 0.505395 2.070477 1.608687325 
1335093234.43155 0.505872 2.076074 1.577132325 
1335093234.53953 0.506365 2.082131 1.576122325 
1335093234.6465 0.507255 2.086293 1.587742325 
1335093234.755 0.506743 2.092174 1.557406325 
1335093234.86337 0.507433 2.097376 1.590508325 
1335093234.92323 0.507174 2.101749 1.573694325 
1335093235.03515 0.507359 2.107113 1.569241325 
1335093235.14336 0.508441 2.113180 1.554880325 
1335093235.25174 0.508642 2.116886 1.621099325 
1335093235.35915 0.508956 2.122733 1.565492325 
1335093235.46671 0.509738 2.128668 1.594751325 
1335093235.52702 0.510856 2.133162 1.604367325 
1335093235.63424 0.511193 2.139538 1.563169325 
1335093235.74227 0.510939 2.144686 1.606548325 
1335093235.85056 0.511701 2.148731 1.612891325 
1335093235.9587 0.510937 2.155487 1.570793325 
1335093236.07026 0.511945 2.159012 1.641676325 
1335093236.13057 0.512038 2.164021 1.633940325 
1335093236.23784 0.512311 2.170312 1.569221325 
1335093236.34413 0.512134 2.174817 1.632294325 
1335093236.45249 0.512114 2.180178 1.616607325 
1335093236.56009 0.512323 2.186078 1.583602325 
1335093236.6203 0.513345 2.191663 1.583672325 
1335093236.72765 0.514446 2.195971 1.617460325 
1335093236.83512 0.514758 2.200603 1.611335325 
1335093236.94345 0.515221 2.206549 1.630932325 
1335093237.0566 0.515454 2.212278 1.609882325 
1335093237.16497 0.514895 2.216946 1.625420325 
1335093237.22498 0.515311 2.222385 1.607623325 
1335093237.33196 0.516191 2.227918 1.608488325 
1335093237.43977 0.515529 2.231113 1.647777325 
1335093237.54792 0.516374 2.236840 1.664031325 
1335093237.65301 0.516517 2.242665 1.636710325 
1335093237.76125 0.515927 2.247075 1.635746325 
1335093237.82118 0.517310 2.252364 1.618130325 
1335093237.92801 0.516792 2.257894 1.604500325 
1335093238.03551 0.517712 2.263220 1.612465325 
1335093238.14791 0.517726 2.268629 1.624208325 
1335093238.25691 0.518137 2.273443 1.621940325 
1335093238.36493 0.518519 2.278966 1.640110325 
1335093238.42532 0.518882 2.284992 1.609882325 
1335093238.53223 0.518164 2.289642 1.628766325 
1335093238.64012 0.518846 2.294880 1.667500325 
1335093238.74841 0.518407 2.300313 1.632851325 
1335093238.85317 0.518097 2.305186 1.656265325 
1335093238.96111 0.519819 2.310037 1.667638325 
1335093239.02161 0.519212 2.314630 1.703096325 
1335093239.13178 0.518463 2.320342 1.648758325 
1335093239.2389 0.519659 2.325970 1.698909325 
1335093239.34613 0.519400 2.329942 1.664645325 
1335093239.45502 0.519951 2.335178 1.660043325 
1335093239.56281 0.519296 2.340162 1.679821325 
1335093239.6224 0.519419 2.345700 1.658318325 
1335093239.72875 0.519375 2.351041 1.675523325 
1335093239.83605 0.520239 2.356313 1.651690325 
1335093239.94357 0.519825 2.360695 1.688096325 
1335093240.05298 0.519580 2.366876 1.665107325 
1335093240.16492 0.519789 2.372367 1.675377325 
1335093240.22478 0.519703 2.377258 1.701206325 
1335093240.33141 0.519485 2.382409 1.674453325 
1335093240.43886 0.520123 2.386688 1.703471325 
1335093240.54622 0.518896 2.393406 1.678131325 
1335093240.65522 0.518913 2.398411 1.664593325 
1335093240.76328 0.518803 2.402893 1.681644325 
1335093240.82297 0.518358 2.408118 1.706637325 
1335093240.9297 0.518945 2.412702 1.725411325 
1335093241.03805 0.517519 2.419189 1.695389325 
1335093241.14621 0.518192 2.423004 1.715417325 
1335093241.25922 0.517583 2.428999 1.703315325 
1335093241.3667 0.516146 2.434101 1.726088325 
1335093241.42656 0.517083 2.439012 1.752603325 
1335093241.53314 0.514998 2.444467 1.754183325 
1335093241.64049 0.514809 2.449706 1.800807325 
1335093241.74833 0.513651 2.454404 1.786839325 
1335093241.8531 0.513002 2.460378 1.779915325 
1335093241.96073 0.512471 2.463747 1.813656325 
1335093242.02084 0.511397 2.468560 1.809983325 
1335093242.12736 0.510123 2.472081 1.829953325 
1335093242.23888 0.510086 2.475521 1.858391325 
1335093242.34593 0.509230 2.478380 1.839097325 
1335093242.45265 0.509301 2.480336 1.840268325 
1335093242.56039 0.509314 2.485068 1.746212325 
1335093242.62037 0.511242 2.485796 1.506429325 
1335093242.72717 0.512624 2.483963 1.306451325 
1335093242.83447 0.515993 2.484787 0.960936325 
1335093242.94203 0.521057 2.488130 0.737103325 
1335093243.04802 0.526709 2.490057 0.626803325 
1335093243.1559 0.532620 2.491168 0.434989325 
1335093243.26792 0.535606 2.493491 0.318183325 
1335093243.32772 0.541258 2.495154 0.234554325 
1335093243.43443 0.546753 2.496484 0.208655325 
1335093243.54205 0.550244 2.497000 0.128722325 
1335093243.6469 0.556332 2.497794 0.138293325 
1335093243.75514 0.561372 2.498752 0.0599863250000001 
1335093243.86295 0.566837 2.499770 0.0742403250000001 
1335093243.92247 0.572648 2.500601 0.069960325 
1335093244.02899 0.576395 2.500961 0.0158053250000001 
1335093244.13605 0.582449 2.501017 0.0653593250000002 
1335093244.2438 0.586582 2.502761 -0.00163467499999981 
1335093244.3568 0.593394 2.502816 0.0332033250000001 
1335093244.46481 0.597705 2.504900 -0.012342675 
1335093244.52454 0.602632 2.503617 0.00151432500000004 
1335093244.63106 0.608202 2.505112 0.0497543250000001 
1335093244.73883 0.613171 2.505344 0.00272632500000003 
1335093244.84592 0.619601 2.506005 -0.0363746749999998 
1335093244.95412 0.624221 2.506294 0.00490332500000012 
1335093245.06291 0.628380 2.507298 -0.020515675 
1335093245.12268 0.635685 2.507467 -0.00633867499999985 
1335093245.22923 0.640019 2.509155 0.0135113250000001 
1335093245.34061 0.645116 2.508161 -0.00970167499999985 
1335093245.44816 0.650580 2.508569 0.0141613250000001 
1335093245.55597 0.655815 2.509403 -0.0160006749999999 
1335093245.66405 0.661654 2.510917 -0.0495456749999998 
1335093245.72362 0.666177 2.511280 0.0306043250000001 
1335093245.83033 0.670894 2.510423 -0.004660675 
1335093245.93758 0.676772 2.511719 -0.0114766749999999 
1335093246.04548 0.681949 2.513888 0.0142023250000001 
1335093246.15358 0.685908 2.512636 0.000471325000000133 
1335093246.26124 0.692693 2.512928 -0.0087036749999998 
1335093246.32092 0.697296 2.514075 0.0102793250000002 
1335093246.43125 0.702363 2.514515 -0.024914675 
1335093246.53879 0.707750 2.515888 -0.010477675 
1335093246.64578 0.712883 2.515223 0.00584632500000004 
1335093246.75285 0.719061 2.515732 -0.0506176749999998 
1335093246.86071 0.724408 2.517411 0.009215325 
1335093246.96786 0.727596 2.517700 -0.006984675 
1335093247.02849 0.734416 2.517140 0.00533332500000006 
1335093247.13532 0.739333 2.518684 0.0159473250000002 
1335093247.24282 0.743912 2.519047 -0.0206106749999999 
1335093247.3507 0.749963 2.517331 -0.002606675 
1335093247.4631 0.754651 2.519407 0.0142843250000002 
1335093247.52263 0.759651 2.520064 -0.0510226749999998 
1335093247.62927 0.766592 2.520802 -0.0261926749999999 
1335093247.73678 0.770954 2.520543 0.00987932499999999 
1335093247.84476 0.775300 2.522567 -0.00163467499999981 
1335093247.95284 0.782269 2.522477 -0.019670675 
1335093248.06055 0.786282 2.523954 0.0260043250000002 
1335093248.16774 0.791578 2.522871 0.00853432500000006 
1335093248.2277 0.797692 2.522319 -0.00737667499999994 
1335093248.33429 0.802561 2.524354 -0.00384167499999988 
1335093248.44577 0.807439 2.525036 -0.0334026749999998 
1335093248.55365 0.813643 2.524206 -0.0223106749999999 
1335093248.66168 0.818321 2.524583 -0.011640675 
1335093248.72137 0.823753 2.525882 -0.0631896749999998 
1335093248.82817 0.828809 2.526851 0.0261393250000002 
1335093248.93548 0.833313 2.525976 -0.024628675 
1335093249.04382 0.839174 2.527064 0.00533332500000006 
1335093249.15199 0.844736 2.528272 0.00472232500000014 
1335093249.25959 0.848744 2.528873 -0.018566675 
1335093249.36695 0.854601 2.527242 0.00319832500000006 
1335093249.4268 0.859843 2.530003 0.023223325 
1335093249.53733 0.865373 2.528981 -0.0172166749999998 
1335093249.64441 0.871404 2.530442 -0.0292586749999999 
1335093249.75254 0.876512 2.529142 0.0131723250000002 
1335093249.85949 0.881236 2.530051 -0.0203166749999999 
1335093249.96697 0.886308 2.531595 -0.0195456749999998 
1335093250.02663 0.892422 2.531952 -0.00808567499999979 
1335093250.13337 0.896093 2.532171 -0.0276686749999999 
1335093250.2407 0.902882 2.531706 0.00533332500000006 
1335093250.34526 0.908036 2.533890 -0.00818767499999984 
1335093250.45319 0.911905 2.533186 -0.0141086749999999 
1335093250.56529 0.917987 2.532121 -0.003019675 
1335093250.62482 0.923408 2.533875 -0.0161576749999999 
1335093250.73174 0.927897 2.534574 -0.0678136749999998 
1335093250.83895 0.934416 2.535524 -0.0439526749999999 
1335093250.94634 0.939536 2.533790 -0.0137966749999998 
1335093251.05527 0.944527 2.535035 -0.021219675 
1335093251.16326 0.949930 2.535676 -0.0318666749999998 
1335093251.22285 0.955860 2.536234 0.0113943250000001 
1335093251.32944 0.959899 2.535896 -0.0385646749999999 
1335093251.43685 0.966011 2.536758 0.00533332500000006 
1335093251.54876 0.971116 2.537892 0.0149393250000001 
1335093251.65655 0.975276 2.538652 -0.0241036749999999 
1335093251.76459 0.981154 2.537135 0.00319832500000006 
1335093251.82415 0.986892 2.538409 -0.00902567499999996 
1335093251.93076 0.991341 2.538544 -0.0136476749999999 
1335093252.03826 0.997304 2.539758 -0.0307116749999998 
1335093252.14612 1.002520 2.539075 -0.0076146749999999 
1335093252.25309 1.007316 2.540159 -0.021608675 
1335093252.36081 1.013232 2.540114 -0.0363746749999998 
1335093252.42089 1.018171 2.539649 -0.0215286749999999 
1335093252.52669 1.023183 2.540002 -0.0151256749999999 
1335093252.63751 1.029193 2.540764 -0.0256666749999999 
1335093252.74464 1.035085 2.541472 -0.050507675 
1335093252.85255 1.038663 2.542091 -0.0526606749999998 
1335093252.96062 1.044620 2.541446 -0.00606067499999985 
1335093253.02117 1.050821 2.542133 -0.0234056749999998 
1335093253.12793 1.054498 2.543052 -0.0282586749999998 
1335093253.23526 1.060307 2.542784 -0.0350886749999999 
1335093253.34262 1.066658 2.543208 0.00696232500000016 
1335093253.45051 1.069839 2.543950 -0.004266675 
1335093253.55825 1.076104 2.544364 -0.0459716749999999 
1335093253.6698 1.081629 2.543658 -0.026790675 
1335093253.72998 1.086260 2.544152 -0.00665567499999997 
1335093253.83682 1.091328 2.544964 -0.0292586749999999 
1335093253.94476 1.097643 2.544855 -0.0263226749999999 
1335093254.05272 1.102396 2.545214 -0.0275966749999998 
1335093254.16061 1.107011 2.545588 -0.0243446749999998 
1335093254.2678 1.114407 2.545464 -0.0135956749999999 
1335093254.32763 1.118090 2.546554 -0.0143796749999998 
1335093254.4344 1.122789 2.545919 -0.0143896749999999 
1335093254.54202 1.129602 2.546465 -0.000641674999999786 
1335093254.65391 1.134540 2.547181 -0.0107496749999998 
1335093254.76176 1.139123 2.547461 -0.0451466749999998 
1335093254.8217 1.144817 2.546883 0.00966832500000003 
1335093254.92824 1.149551 2.547720 -0.0258256749999999 
1335093255.03666 1.154603 2.548197 -0.032585675 
1335093255.14429 1.160594 2.547026 -0.018034675 
1335093255.25243 1.165691 2.548333 -0.0506406749999999 
1335093255.36013 1.170347 2.547562 -0.0417366749999999 
1335093255.46741 1.176302 2.547678 -0.0284486749999999 
1335093255.52722 1.181815 2.548210 -0.0463756749999999 
1335093255.63398 1.185969 2.547954 -0.0291506749999999 
1335093255.74545 1.192188 2.549586 -0.0440886749999998 
1335093255.85294 1.198143 2.549515 -0.038785675 
1335093255.96109 1.202451 2.548362 -0.0451006749999998 
1335093256.06823 1.207371 2.549399 -0.0316936749999999 
1335093256.12803 1.214311 2.549984 -0.0319116749999999 
1335093256.23478 1.218783 2.549015 -0.0279396749999998 
1335093256.34223 1.222345 2.550220 -0.0192316749999999 
1335093256.45007 1.229869 2.549740 -0.0261926749999999 
1335093256.55788 1.234322 2.548977 -0.033117675 
1335093256.66567 1.238548 2.550267 -0.0128186749999999 
1335093256.72549 1.245495 2.549863 -0.017122675 
1335093256.836 1.249262 2.550400 -0.0416536749999998 
1335093256.94439 1.253758 2.550510 -0.0199046749999998 
1335093257.05371 1.260977 2.550135 -0.0129756749999999 
1335093257.16174 1.266326 2.550720 -0.0507546749999999 
1335093257.22182 1.269796 2.551150 -0.0357426749999998 
1335093257.32866 1.276495 2.550079 -0.0068196749999998 
1335093257.43622 1.282583 2.551265 -0.035117675 
1335093257.54414 1.285870 2.552566 -0.0507756749999999 
1335093257.65152 1.292117 2.550984 -0.017519675 
1335093257.76006 1.298010 2.551246 -0.0416676749999998 
1335093257.87138 1.301777 2.552317 -0.071101675 
1335093257.93179 1.307372 2.551320 -0.035403675 
1335093258.03892 1.313979 2.551925 -0.0127926749999998 
1335093258.14552 1.317121 2.552107 -0.071101675 
1335093258.25388 1.322988 2.552461 -0.0497846749999999 
1335093258.36188 1.329688 2.552012 -0.0254456749999998 
1335093258.42182 1.334501 2.548291 -0.121143675 
1335093258.52872 1.338676 2.552541 -0.0497396749999999 
1335093258.63631 1.344971 2.553006 -0.0130046749999999 
1335093258.74444 1.349233 2.551921 -0.0254536749999998 
1335093258.85678 1.354472 2.552241 -0.0686956749999998 
1335093258.96501 1.360590 2.552998 -0.0248346749999999 
1335093259.02577 1.366948 2.552802 -0.0199046749999998 
1335093259.13281 1.370314 2.552435 -0.0388156749999999 
1335093259.2404 1.376148 2.552895 -0.0295506749999999 
1335093259.34731 1.382214 2.552542 -0.0218926749999999 
1335093259.45555 1.385664 2.553437 -0.039832675 
1335093259.56383 1.391723 2.553675 -0.0288966749999999 
1335093259.62364 1.397907 2.553655 -0.0333096749999999 
1335093259.7308 1.400950 2.552757 -0.0394506749999999 
1335093259.83825 1.407083 2.553899 -0.0275476749999999 
1335093259.95097 1.413468 2.554060 -0.0313596749999998 
1335093260.05888 1.416662 2.553413 -0.0539176749999999 
1335093260.1663 1.422878 2.553653 -0.0465056749999999 
1335093260.22623 1.429099 2.554477 -0.0387816749999998 
1335093260.33322 1.432292 2.552738 -0.056253675 
1335093260.44094 1.438547 2.553840 -0.059835675 
1335093260.54892 1.444462 2.554600 -0.0372426749999999 
1335093260.65712 1.449233 2.553672 -0.0398336749999999 
1335093260.76575 1.453973 2.553583 -0.064669675 
1335093260.8257 1.460331 2.553813 -0.0417556749999999 
1335093260.93674 1.465883 2.554134 -0.032855675 
1335093261.04574 1.469772 2.553482 -0.045638675 
1335093261.1541 1.475610 2.554861 -0.0397926749999999 
1335093261.26214 1.481253 2.553270 -0.0359426749999998 
1335093261.32241 1.485063 2.552960 -0.045387675 
1335093261.42885 1.491221 2.553280 -0.040167675 
1335093261.53644 1.497273 2.553907 -0.0493586749999999 
1335093261.6442 1.500546 2.553121 -0.0394506749999999 
1335093261.75287 1.506730 2.553366 -0.046939675 
1335093261.86083 1.514173 2.553432 -0.0254236749999999 
1335093261.9726 1.516220 2.553257 -0.0533646749999999 
1335093262.03312 1.522930 2.552997 -0.0636366749999999 
1335093262.14039 1.529305 2.553515 -0.0335426749999999 
1335093262.24789 1.531908 2.554305 -0.0736526749999999 
1335093262.35493 1.538382 2.552815 -0.0686956749999998 
1335093262.46304 1.544714 2.553465 -0.031203675 
1335093262.52315 1.548807 2.552469 -0.083387675 
1335093262.62996 1.553746 2.553050 -0.0686956749999998 
1335093262.73776 1.560322 2.553032 -0.0420176749999999 
1335093262.84577 1.565501 2.553415 -0.082726675 
1335093262.95303 1.569573 2.553019 -0.0499496749999999 
1335093263.06418 1.575868 2.553141 -0.0456666749999999 
1335093263.12428 1.581536 2.552734 -0.0424196749999999 
1335093263.23066 1.585143 2.552964 -0.0581066749999999 
1335093263.33828 1.591325 2.552952 -0.0344656749999999 
1335093263.44625 1.597359 2.551729 -0.030920675 
1335093263.55382 1.600819 2.552561 -0.0408416749999998 
1335093263.66179 1.607266 2.552543 -0.0327306749999998 
1335093263.72209 1.613055 2.551105 -0.0433446749999999 
1335093263.8291 1.616550 2.552099 -0.0512006749999998 
1335093263.93659 1.622625 2.551908 -0.033994675 
1335093264.04887 1.629090 2.551123 -0.0180286749999998 
1335093264.15703 1.633860 2.550632 -0.106279675 
1335093264.2652 1.638196 2.551737 -0.0511586749999999 
1335093264.32516 1.644537 2.551527 -0.0180286749999998 
1335093264.43197 1.649223 2.549564 -0.102640675 
1335093264.53969 1.653754 2.551317 -0.055322675 
1335093264.64698 1.659971 2.551154 -0.0179276749999999 
1335093264.7555 1.664970 2.550415 -0.100364675 
1335093264.86367 1.669595 2.550830 -0.0677906749999999 
1335093264.92381 1.675131 2.551056 -0.0294246749999998 
1335093265.03158 1.681349 2.550449 -0.0646526749999998 
1335093265.14324 1.684826 2.549502 -0.0592966749999999 
1335093265.2509 1.690949 2.550615 -0.0159226749999999 
1335093265.35894 1.697614 2.551065 -0.0570656749999998 
1335093265.46699 1.700346 2.550008 -0.0592966749999999 
1335093265.52702 1.706923 2.549798 -0.0278936749999998 
1335093265.63397 1.713585 2.550735 -0.0388926749999998 
1335093265.74182 1.716045 2.548955 -0.0577046749999999 
1335093265.84978 1.722782 2.549205 -0.0387166749999999 
1335093265.95812 1.728941 2.549946 -0.0508546749999998 
1335093266.06623 1.732282 2.548754 -0.071101675 
1335093266.1263 1.738025 2.549034 -0.0418176749999999 
1335093266.23729 1.744605 2.546888 -0.0524036749999999 
1335093266.34519 1.748852 2.546779 -0.0870456749999999 
1335093266.4536 1.754092 2.547286 -0.0392346749999999 
1335093266.56169 1.760480 2.546941 -0.0298546749999999 
1335093266.62177 1.765528 2.546072 -0.113300675 
1335093266.72884 1.770085 2.547170 -0.0681206749999999 
1335093266.83641 1.776063 2.546228 -0.0285956749999998 
1335093266.94409 1.781274 2.546047 -0.105894675 
1335093267.05345 1.786042 2.545386 -0.0655786749999998 
1335093267.16203 1.791272 2.546417 -0.0445716749999998 
1335093267.22215 1.796955 2.546727 -0.105894675 
1335093267.33265 1.800889 2.544207 -0.0506956749999998 
1335093267.43963 1.807429 2.546236 -0.025400675 
1335093267.54717 1.811757 2.544693 -0.104494675 
1335093267.65552 1.816611 2.544037 -0.052140675 
1335093267.76392 1.823805 2.544428 -0.051635675 
1335093267.82382 1.827977 2.543435 -0.0849226749999998 
1335093267.93063 1.832557 2.543722 -0.0275796749999999 
1335093268.03817 1.839333 2.544067 -0.0411156749999999 
1335093268.14651 1.844468 2.542902 -0.0810546749999999 
1335093268.25479 1.848654 2.542446 -0.0553196749999998 
1335093268.36719 1.854552 2.542681 -0.0239416749999999 
1335093268.42738 1.860452 2.541606 -0.0954266749999999 
1335093268.53422 1.864038 2.542586 -0.0474156749999999 
1335093268.64182 1.870132 2.542014 -0.0294246749999998 
1335093268.75043 1.876440 2.542256 -0.0892276749999998 
1335093268.85759 1.879689 2.539650 -0.0505656749999999 
1335093268.96274 1.885976 2.541811 -0.0273286749999999 
1335093269.02353 1.891976 2.541069 -0.091722675 
1335093269.13052 1.895273 2.539430 -0.052140675 
1335093269.23812 1.902370 2.540700 -0.0420156749999998 
1335093269.35036 1.907225 2.538919 -0.0868286749999998 
1335093269.45789 1.911390 2.539252 -0.0275796749999999 
1335093269.56626 1.918146 2.538852 -0.0401926749999999 
1335093269.62625 1.923213 2.538043 -0.119322675 
1335093269.73325 1.927262 2.538296 -0.0258806749999998 
1335093269.84095 1.933697 2.537390 -0.0183056749999999 
1335093269.94861 1.939078 2.537384 -0.114364675 
1335093270.056 1.943407 2.535784 -0.0616096749999999 
1335093270.16426 1.948978 2.537643 -0.043719675 
1335093270.22428 1.954966 2.537684 -0.128519675 
1335093270.33042 1.958397 2.535220 -0.0407536749999999 
1335093270.44176 1.965902 2.535818 -0.0420156749999998 
1335093270.54932 1.970517 2.535194 -0.108259675 
1335093270.65736 1.974356 2.534786 -0.0241746749999998 
1335093270.76586 1.981670 2.534580 -0.0324196749999999 
1335093270.82583 1.985378 2.533667 -0.104664675 
1335093270.93284 1.990196 2.534373 -0.0279976749999999 
1335093271.0414 1.997224 2.533308 -0.0317796749999999 
1335093271.14936 2.001768 2.532764 -0.117657675 
1335093271.25678 2.005769 2.532922 -0.011999675 
1335093271.36521 2.013088 2.533616 -0.0416496749999999 
1335093271.42513 2.017109 2.530756 -0.121608675 
1335093271.53592 2.022481 2.530698 -0.0407536749999999 
1335093271.64378 2.028913 2.532546 -0.0571056749999999 
1335093271.75215 2.032418 2.530347 -0.071317675 
1335093271.85979 2.038110 2.530505 -0.0437016749999999 
1335093271.96777 2.044997 2.528849 -0.0726606749999998 
1335093272.0277 2.047348 2.528945 -0.0251166749999998 
1335093272.13471 2.054609 2.529067 -0.016590675 
1335093272.24244 2.060071 2.528008 -0.0888296749999999 
1335093272.35075 2.064247 2.527387 -0.0798716749999999 
1335093272.4587 2.069964 2.527975 -0.0324016749999998 
1335093272.57044 2.075194 2.527821 -0.136795675 
1335093272.63067 2.079760 2.525458 -0.0651496749999998 
1335093272.73809 2.086932 2.526044 -0.0514376749999998 
1335093272.84591 2.091140 2.523852 -0.146818675 
1335093272.95436 2.095785 2.524311 -0.0331106749999999 
1335093273.0635 2.102456 2.524374 -0.0487276749999999 
1335093273.12359 2.107483 2.522857 -0.120426675 
1335093273.23053 2.111342 2.524357 -0.0227656749999998 
1335093273.33816 2.118382 2.523785 -0.0416496749999999 
1335093273.44609 2.122697 2.522525 -0.105678675 
1335093273.5585 2.127552 2.521785 -0.0390726749999999 
1335093273.66576 2.133273 2.522823 -0.100971675 
1335093273.72554 2.137105 2.521172 -0.0706716749999998 
1335093273.83227 2.143803 2.521073 -0.0371936749999999 
1335093273.93965 2.149249 2.519464 -0.115366675 
1335093274.04754 2.152761 2.520216 -0.0154806749999998 
1335093274.15587 2.160045 2.519387 -0.0177886749999998 
1335093274.26378 2.165508 2.518288 -0.126809675 
1335093274.32346 2.168967 2.518916 -0.0302446749999998 
1335093274.43001 2.175586 2.518475 -0.0606946749999999 
1335093274.53742 2.180415 2.516902 -0.132168675 
1335093274.64921 2.185436 2.517321 -0.0515796749999999 
1335093274.75566 2.192675 2.515465 -0.0588986749999998 
1335093274.86359 2.194292 2.515262 -0.00366167499999981 
1335093274.92351 2.202215 2.515797 -0.0216286749999999 
1335093275.03067 2.208166 2.514599 -0.074696675 
1335093275.12462 2.210553 2.515500 -0.021416675 
1335093275.22221 2.218047 2.514287 -0.0177606749999999 
1335093275.32226 2.223195 2.515611 -0.155855675 
1335093275.42221 2.227053 2.512698 -0.0220496749999999 
1335093275.5222 2.234240 2.513928 -0.0450936749999999 
1335093275.62227 2.237936 2.512679 -0.0664586749999998 
1335093275.7297 2.243428 2.512744 -0.0249616749999999 
1335093275.83721 2.250587 2.510819 -0.0755936749999999 
1335093275.9444 2.252845 2.511191 -0.0020626749999999 
1335093276.05172 2.260215 2.510278 -0.00629467499999992 
1335093276.15978 2.266128 2.509752 -0.0750536749999999 
1335093276.26761 2.269082 2.510641 -0.016018675 
1335093276.32773 2.276296 2.509185 -0.0408276749999998 
1335093276.43482 2.279490 2.509384 -0.0751166749999999 
1335093276.54267 2.285740 2.508232 -0.0347916749999999 
1335093276.65392 2.293495 2.508321 -0.0582206749999998 
1335093276.76127 2.294882 2.506557 -0.0041086749999999 
1335093276.86911 2.302844 2.507259 -0.027991675 
1335093276.92923 2.307117 2.507421 -0.0607706749999999 
1335093277.03756 2.311713 2.506614 -0.0138416749999999 
1335093277.14555 2.318823 2.505645 -0.0301676749999999 
1335093277.25399 2.322027 2.507012 -0.0563506749999998 
1335093277.36117 2.327647 2.505335 -0.0278336749999999 
1335093277.46874 2.334365 2.505221 -0.0920216749999998 
1335093277.5289 2.337125 2.504171 -0.0234966749999999 
1335093277.63592 2.345420 2.503676 -0.0348276749999998 
1335093277.74829 2.349706 2.502619 -0.0733156749999999 
1335093277.8566 2.354232 2.502803 -0.0216286749999999 
1335093277.96507 2.361981 2.501785 -0.0177886749999998 
1335093278.02519 2.363446 2.502022 0.000716325000000184 
1335093278.13213 2.370820 2.501449 -0.0177156749999998 
1335093278.23978 2.376234 2.502990 -0.0392806749999999 
1335093278.34819 2.379694 2.500726 -0.00839667499999996 
1335093278.45602 2.387715 2.500904 -0.0370916749999999 
1335093278.564 2.390140 2.499822 0.023879325 
1335093278.62415 2.397041 2.500329 -0.0432786749999998 
1335093278.73533 2.403127 2.499127 -0.0186846749999998 
1335093278.84309 2.406665 2.498083 0.000736325000000093 
1335093278.951 2.414138 2.497964 -0.0117236749999998 
1335093279.05937 2.416711 2.498391 0.011903325 
1335093279.16688 2.422978 2.497553 -0.0151676749999998 
1335093279.22706 2.428687 2.499146 0.027369325 
1335093279.33397 2.432116 2.497097 -0.00169267499999992 
1335093279.44166 2.440091 2.497552 -0.0145876749999998 
1335093279.54985 2.443075 2.496688 0.0140103250000001 
1335093279.6581 2.449701 2.496634 -0.0369516749999999 
1335093279.77072 2.455357 2.495747 0.0504663250000001 
1335093279.83092 2.459908 2.495556 0.0210973250000002 
1335093279.93814 2.465997 2.495481 0.0322773250000001 
1335093280.04626 2.468700 2.495434 0.0279553250000002 
1335093280.15455 2.472334 2.495859 0.106827325 
1335093280.26275 2.475326 2.496619 0.014456325 
1335093280.32312 2.479667 2.494953 0.096695325 
1335093280.42674 2.479667 2.494953 0.096695325 
1335093280.53382 2.479667 2.494953 0.096695325 
1335093280.64131 2.479667 2.494953 0.096695325 
1335093280.74881 2.479667 2.494953 0.096695325 
1335093280.8618 2.479667 2.494953 0.096695325 
1335093280.96915 2.479667 2.494953 0.096695325 
1335093281.0304 2.479667 2.494953 0.096695325 
1335093281.13739 2.479667 2.494953 0.096695325 
1335093281.24504 2.479667 2.494953 0.096695325 
1335093281.35351 2.479667 2.494953 0.096695325 
1335093281.46119 2.479667 2.494953 0.096695325 
1335093281.56857 2.479667 2.494953 0.096695325 
1335093281.62863 2.479667 2.494953 0.096695325 
1335093281.73553 2.479667 2.494953 0.096695325 
1335093281.8473 2.479667 2.494953 0.096695325 
1335093281.95442 2.479667 2.494953 0.096695325 
1335093282.06238 2.479667 2.494953 0.096695325 
1335093282.16955 2.479667 2.494953 0.096695325 
1335093282.22957 2.479667 2.494953 0.096695325 
1335093282.33632 2.479667 2.494953 0.096695325 
1335093282.44388 2.479667 2.494953 0.096695325 
1335093282.55111 2.479667 2.494953 0.096695325 
1335093282.65887 2.479667 2.494953 0.096695325 
1335093282.7665 2.479667 2.494953 0.096695325 
1335093282.82625 2.479667 2.494953 0.096695325 
1335093282.93683 2.479667 2.494953 0.096695325 
1335093283.04566 2.479667 2.494953 0.096695325 
1335093283.15423 2.479667 2.494953 0.096695325 
1335093283.26033 2.479667 2.494953 0.096695325 
1335093283.36799 2.479667 2.494953 0.096695325 
1335093283.42785 2.479667 2.494953 0.096695325 
1335093283.53435 2.479667 2.494953 0.096695325 
1335093283.6417 2.479667 2.494953 0.096695325 
1335093283.74924 2.479667 2.494953 0.096695325 
1335093283.85712 2.479667 2.494953 0.096695325 
1335093283.96899 2.479667 2.494953 0.096695325 
1335093284.02806 2.479667 2.494953 0.096695325 
1335093284.13471 2.479667 2.494953 0.096695325 
1335093284.24208 2.479667 2.494953 0.096695325 
1335093284.34949 2.479667 2.494953 0.096695325 
1335093284.45639 2.479667 2.494953 0.096695325 
1335093284.56312 2.479667 2.494953 0.096695325 
1335093284.62311 2.479667 2.494953 0.096695325 
1335093284.72997 2.479667 2.494953 0.096695325 
1335093284.8373 2.479667 2.494953 0.096695325 
1335093284.94889 2.479667 2.494953 0.096695325 
1335093285.05709 2.479667 2.494953 0.096695325 
1335093285.16525 2.479667 2.494953 0.096695325 
1335093285.22508 2.479667 2.494953 0.096695325 
1335093285.33174 2.479667 2.494953 0.096695325 
1335093285.4391 2.479667 2.494953 0.096695325 
1335093285.54686 2.479667 2.494953 0.096695325 
1335093285.6539 2.479667 2.494953 0.096695325 
1335093285.76174 2.479667 2.494953 0.096695325 
1335093285.86906 2.479667 2.494953 0.096695325 
1335093285.9293 2.479667 2.494953 0.096695325 
1335093286.03994 2.479667 2.494953 0.096695325 
1335093286.14716 2.479667 2.494953 0.096695325 
1335093286.25441 2.479667 2.494953 0.096695325 
1335093286.36212 2.479667 2.494953 0.096695325 
1335093286.46936 2.479667 2.494953 0.096695325 
1335093286.5293 2.479667 2.494953 0.096695325 
1335093286.636 2.479667 2.494953 0.096695325 
1335093286.74368 2.479667 2.494953 0.096695325 
1335093286.85082 2.479667 2.494953 0.096695325 
1335093286.95868 2.479667 2.494953 0.096695325 
1335093287.07162 2.479667 2.494953 0.096695325 
1335093287.1317 2.479667 2.494953 0.096695325 
1335093287.23843 2.479667 2.494953 0.096695325 
1335093287.34609 2.479667 2.494953 0.096695325 
1335093287.4542 2.479667 2.494953 0.096695325 
1335093287.56102 2.479667 2.494953 0.096695325 
1335093287.66862 2.479667 2.494953 0.096695325 
1335093287.72874 2.479667 2.494953 0.096695325 
1335093287.83551 2.479667 2.494953 0.096695325 
1335093287.94294 2.479667 2.494953 0.096695325 
1335093288.05363 2.479667 2.494953 0.096695325 
1335093288.1603 2.479667 2.494953 0.096695325 
1335093288.268 2.479667 2.494953 0.096695325 
1335093288.32788 2.479667 2.494953 0.096695325 
1335093288.43433 2.479667 2.494953 0.096695325 
1335093288.54112 2.479667 2.494953 0.096695325 
1335093288.64825 2.479667 2.494953 0.096695325 
1335093288.75666 2.479667 2.494953 0.096695325 
1335093288.86457 2.479667 2.494953 0.096695325 
1335093288.9245 2.479667 2.494953 0.096695325 
1335093289.03216 2.479667 2.494953 0.096695325 
1335093289.14366 2.479667 2.494953 0.096695325 
1335093289.25062 2.479667 2.494953 0.096695325 
1335093289.35783 2.479667 2.494953 0.096695325 
1335093289.46755 2.479667 2.494953 0.096695325 
1335093289.52802 2.479667 2.494953 0.096695325 
1335093289.63226 2.479667 2.494953 0.096695325 
1335093289.74142 2.479667 2.494953 0.096695325 
1335093289.8492 2.479667 2.494953 0.096695325 
1335093289.94328 2.479667 2.494953 0.096695325 
1335093290.05099 2.479667 2.494953 0.096695325 
1335093290.13671 2.479667 2.494953 0.096695325 
1335093290.24819 2.479667 2.494953 0.096695325 
1335093290.35755 2.479667 2.494953 0.096695325 
