1335094825.22919 2.368758 2.645347 0.314253325 
1335094825.36218 2.368758 2.645347 0.314253325 
1335094825.40872 2.368758 2.645347 0.314253325 
1335094825.5246 2.368758 2.645347 0.314253325 
1335094825.65551 2.368726 2.645565 0.314798325 
1335094825.71548 2.368726 2.645565 0.314798325 
1335094825.82732 2.369121 2.645204 0.304552325 
1335094825.94951 2.368726 2.645565 0.314798325 
1335094826.04737 2.368914 2.645623 0.321226325 
1335094826.11099 2.368726 2.645565 0.314798325 
1335094826.2338 2.368726 2.645565 0.314798325 
1335094826.32866 2.368914 2.645623 0.321226325 
1335094826.42286 2.369216 2.645950 0.296397325 
1335094826.51711 2.377655 2.645051 0.103788325 
1335094826.61127 2.384376 2.643426 -0.0291826749999999 
1335094826.7073 2.389351 2.642448 -0.192922675 
1335094826.8073 2.392941 2.638252 -0.357234675 
1335094826.90735 2.397212 2.638092 -0.439059675 
1335094827.0157 2.399467 2.634738 -0.490954675 
1335094827.12432 2.405661 2.630230 -0.589026675 
1335094827.23302 2.409704 2.627196 -0.730954675 
1335094827.34091 2.411567 2.623129 -0.723041675 
1335094827.44935 2.417663 2.620389 -0.769275675 
1335094827.5098 2.418938 2.616411 -0.835518675 
1335094827.61661 2.423894 2.613141 -0.846255675 
1335094827.72492 2.428290 2.608849 -0.884299675 
1335094827.83352 2.430803 2.605117 -0.877923675 
1335094827.94604 2.434832 2.601160 -0.842814675 
1335094828.04968 2.438116 2.596606 -0.938625675 
1335094828.11039 2.440574 2.593909 -0.917322675 
1335094828.21784 2.445450 2.589226 -0.963453675 
1335094828.32522 2.446792 2.585234 -0.943266675 
1335094828.43315 2.452646 2.583579 -0.934570675 
1335094828.54099 2.453892 2.576496 -0.973992675 
1335094828.64925 2.458763 2.575171 -1.080092675 
1335094828.70929 2.461263 2.567755 -1.020473675 
1335094828.81655 2.461874 2.562791 -1.041058675 
1335094828.92421 2.468134 2.559597 -1.042250675 
1335094829.03755 2.468630 2.554000 -1.034816675 
1335094829.14263 2.472118 2.552466 -0.985313675 
1335094829.25101 2.476724 2.546548 -1.053169675 
1335094829.31129 2.479799 2.544810 -0.965462675 
1335094829.4183 2.482867 2.537584 -1.093531675 
1335094829.52602 2.484861 2.535281 -1.027933675 
1335094829.63409 2.487838 2.531099 -1.104742675 
1335094829.74358 2.490209 2.527895 -1.106021675 
1335094829.85263 2.492098 2.525225 -1.121721675 
1335094829.94817 2.493093 2.522931 -1.065879675 
1335094830.01077 2.493974 2.523289 -1.009519675 
1335094830.12278 2.496990 2.514911 -1.190939675 
1335094830.23092 2.496932 2.512180 -1.354663675 
1335094830.33789 2.500330 2.507325 -1.292254675 
1335094830.44585 2.502582 2.500376 -1.347853675 
1335094830.55373 2.503188 2.496162 -1.390557675 
1335094830.61364 2.504801 2.489475 -1.447953675 
1335094830.7208 2.505986 2.486903 -1.379490675 
1335094830.82886 2.506042 2.481629 -1.546463675 
1335094830.93587 2.507544 2.474601 -1.541123675 
1335094831.04685 2.507796 2.470212 -1.474225675 
1335094831.10758 2.509371 2.465082 -1.476884675 
1335094831.21941 2.510823 2.459620 -1.516723675 
1335094831.32737 2.511941 2.455481 -1.465469675 
1335094831.43561 2.511312 2.447946 -1.557358675 
1335094831.54412 2.512030 2.444495 -1.527131675 
1335094831.6528 2.512548 2.439160 -1.577911975 
1335094831.71306 2.512886 2.432762 -1.564809675 
1335094831.82014 2.514791 2.430001 -1.534796675 
1335094831.92811 2.516137 2.424858 -1.562642675 
1335094832.03538 2.516693 2.418729 -1.582768975 
1335094832.14342 2.516649 2.414323 -1.535823675 
1335094832.2548 2.516153 2.406930 -1.601076975 
1335094832.31503 2.517318 2.403156 -1.566194675 
1335094832.42213 2.517113 2.397961 -1.600700975 
1335094832.52933 2.517387 2.391881 -1.612393975 
1335094832.63634 2.519076 2.389973 -1.564746675 
1335094832.74362 2.521557 2.383029 -1.571520975 
1335094832.85197 2.521814 2.379069 -1.519597675 
1335094832.95434 2.521331 2.373209 -1.567979675 
1335094833.00838 2.521719 2.366828 -1.629478975 
1335094833.11606 2.521839 2.362794 -1.577247975 
1335094833.22828 2.521911 2.357347 -1.574258975 
1335094833.3361 2.523170 2.352970 -1.591315975 
1335094833.44114 2.523064 2.347848 -1.580678975 
1335094833.54806 2.526585 2.341496 -1.580039975 
1335094833.60797 2.526746 2.338863 -1.481458675 
1335094833.7149 2.525811 2.332223 -1.558419675 
1335094833.82242 2.526300 2.325054 -1.633662975 
1335094833.93059 2.525918 2.322710 -1.580834975 
1335094834.039 2.526025 2.315608 -1.597354975 
1335094834.14722 2.527067 2.311500 -1.575735975 
1335094834.2592 2.527544 2.306246 -1.603927975 
1335094834.31943 2.529495 2.300428 -1.606392975 
1335094834.42684 2.530485 2.297429 -1.486344675 
1335094834.53452 2.530554 2.291202 -1.565249675 
1335094834.64165 2.530823 2.284855 -1.634098975 
1335094834.75049 2.531248 2.281043 -1.567670675 
1335094834.81035 2.530690 2.273943 -1.609923975 
1335094834.91745 2.531357 2.269734 -1.574120975 
1335094835.02581 2.531625 2.264736 -1.607819975 
1335094835.13376 2.531920 2.258986 -1.611204975 
1335094835.2412 2.532682 2.256090 -1.552779675 
1335094835.35362 2.535585 2.250138 -1.570608675 
1335094835.41366 2.536013 2.243532 -1.622756975 
1335094835.52078 2.535893 2.240874 -1.544594675 
1335094835.62846 2.535530 2.232750 -1.576061975 
1335094835.73684 2.535499 2.226810 -1.655830975 
1335094835.84331 2.535264 2.223506 -1.567670675 
1335094835.95164 2.536019 2.217466 -1.588229975 
1335094836.01157 2.536352 2.212553 -1.587317975 
1335094836.11856 2.536968 2.207720 -1.603927975 
1335094836.22613 2.539133 2.201979 -1.599548975 
1335094836.33805 2.539745 2.197911 -1.534443675 
1335094836.44605 2.540438 2.192932 -1.564425675 
1335094836.55401 2.540211 2.187002 -1.600358975 
1335094836.61432 2.540606 2.183304 -1.554630675 
1335094836.72136 2.539825 2.175708 -1.576061975 
1335094836.8294 2.539600 2.171081 -1.611788975 
1335094836.93705 2.539941 2.166964 -1.580963975 
1335094837.04619 2.540405 2.160578 -1.588229975 
1335094837.15438 2.540917 2.155619 -1.590985975 
1335094837.21486 2.542018 2.151223 -1.593949975 
1335094837.3231 2.544922 2.145355 -1.598956975 
1335094837.43695 2.544921 2.140622 -1.575122975 
1335094837.54498 2.545743 2.136101 -1.572079975 
1335094837.65397 2.544698 2.129829 -1.580018975 
1335094837.74963 2.544398 2.125518 -1.539758675 
1335094837.84421 2.544626 2.118946 -1.585598975 
1335094837.93856 2.544452 2.113862 -1.615707975 
1335094838.03263 2.544295 2.109895 -1.565344675 
1335094838.14701 2.545131 2.104219 -1.588229975 
1335094838.25753 2.545007 2.098831 -1.626274975 
1335094838.31879 2.545441 2.094908 -1.614131975 
1335094838.4343 2.548393 2.088907 -1.624717975 
1335094838.54624 2.547868 2.079281 -1.752400975 
1335094838.65439 2.548713 2.078006 -1.610501975 
1335094838.7171 2.548999 2.072790 -1.591768975 
1335094838.91295 2.548331 2.067809 -1.557867675 
1335094838.96265 2.549326 2.063570 -1.562719675 
1335094839.00967 2.548702 2.056702 -1.573142975 
1335094839.10821 2.548767 2.052420 -1.531134675 
1335094839.20798 2.548720 2.046561 -1.580834975 
1335094839.30811 2.548786 2.040367 -1.619717975 
1335094839.40805 2.549290 2.036926 -1.567173675 
1335094839.52103 2.549541 2.031560 -1.560863675 
1335094839.61534 2.550915 2.025702 -1.620710975 
1335094839.70895 2.550458 2.024550 -1.493356675 
1335094839.80807 2.553976 2.016304 -1.562673675 
1335094839.91634 2.553725 2.010199 -1.629294975 
1335094840.01098 2.552696 2.006000 -1.622642975 
1335094840.10803 2.553742 1.999363 -1.610319975 
1335094840.20802 2.553194 1.994354 -1.632824975 
1335094840.30808 2.552226 1.989689 -1.608744975 
1335094840.40805 2.552902 1.984353 -1.572489975 
1335094840.50828 2.553049 1.979614 -1.597857975 
1335094840.617 2.552859 1.974831 -1.593900975 
1335094840.72653 2.553184 1.967836 -1.600348975 
1335094840.8366 2.552474 1.962885 -1.616145975 
1335094840.94447 2.552144 1.959249 -1.584182975 
1335094841.06118 2.553163 1.952598 -1.568109675 
1335094841.12246 2.553495 1.947975 -1.629420975 
1335094841.23149 2.553359 1.945698 -1.470896675 
1335094841.34089 2.555178 1.936863 -1.619124975 
1335094841.45065 2.556999 1.935308 -1.539656675 
1335094841.51129 2.557117 1.930597 -1.521043675 
1335094841.62399 2.557290 1.925590 -1.494343675 
1335094841.73486 2.556382 1.916542 -1.666523975 
1335094841.84653 2.555506 1.911899 -1.624348975 
1335094841.90833 2.556419 1.905356 -1.664763975 
1335094842.01873 2.556099 1.900899 -1.671082975 
1335094842.12995 2.555929 1.895281 -1.632888975 
1335094842.24202 2.556664 1.890664 -1.628521975 
1335094842.34182 2.555675 1.884739 -1.655899975 
1335094842.43331 2.554877 1.879741 -1.617597975 
1335094842.54207 2.555925 1.874191 -1.641715975 
1335094842.64374 2.554790 1.869471 -1.613991975 
1335094842.73954 2.554610 1.864048 -1.617208975 
1335094842.83561 2.555883 1.859633 -1.611332975 
1335094842.93302 2.554541 1.854462 -1.617444975 
1335094843.03994 2.554793 1.848631 -1.629478975 
1335094843.1797 2.555194 1.843984 -1.611332975 
1335094843.27098 2.554185 1.838769 -1.610772975 
1335094843.31799 2.554292 1.832953 -1.631132975 
1335094843.40854 2.555031 1.827376 -1.601785975 
1335094843.50821 2.554375 1.823745 -1.548277675 
1335094843.60829 2.554428 1.818295 -1.580834975 
1335094843.72452 2.554988 1.811914 -1.632311975 
1335094843.8176 2.554217 1.807037 -1.559903675 
1335094843.97169 2.554527 1.805716 -1.509459675 
1335094844.01898 2.555553 1.796563 -1.611062975 
1335094844.12819 2.554896 1.792303 -1.562286675 
1335094844.34124 2.556416 1.789826 -1.475812675 
1335094844.40186 2.555342 1.780785 -1.632880975 
1335094844.45017 2.556060 1.775151 -1.673150975 
1335094844.50981 2.555770 1.774027 -1.513900675 
1335094844.62082 2.555587 1.769998 -1.518959675 
1335094844.74454 2.555034 1.759980 -1.661151975 
1335094844.84615 2.554940 1.755372 -1.632749975 
1335094844.90931 2.553388 1.753589 -1.548101675 
1335094845.02349 2.554460 1.744065 -1.676193975 
1335094845.13568 2.553769 1.739706 -1.625952975 
1335094845.23783 2.554363 1.735169 -1.642664975 
1335094845.3457 2.554006 1.727775 -1.637405975 
1335094845.45371 2.553029 1.726433 -1.520364675 
1335094845.51344 2.553149 1.715881 -1.733452975 
1335094845.62454 2.553733 1.711295 -1.707392975 
1335094845.73247 2.552490 1.708401 -1.610414975 
1335094845.8406 2.553619 1.700307 -1.707800975 
1335094845.94927 2.554255 1.697090 -1.653745975 
1335094846.00927 2.554521 1.695911 -1.490745675 
1335094846.11506 2.556096 1.684897 -1.678288975 
1335094846.2108 2.554947 1.680934 -1.658779975 
1335094846.30843 2.554809 1.679509 -1.526127675 
1335094846.40839 2.554558 1.675218 -1.451308675 
1335094846.50839 2.554932 1.665189 -1.648340975 
1335094846.60844 2.554541 1.660523 -1.650880975 
1335094846.72171 2.555250 1.658031 -1.516692675 
1335094846.83611 2.553811 1.647504 -1.743320975 
1335094846.94934 2.553516 1.644093 -1.637291975 
1335094847.01109 2.554973 1.642604 -1.516692675 
1335094847.12081 2.554913 1.631737 -1.707310975 
1335094847.21608 2.552445 1.628300 -1.626384975 
1335094847.31031 2.552456 1.626725 -1.520076675 
1335094847.4085 2.554402 1.616129 -1.699532975 
1335094847.51694 2.552299 1.612002 -1.638849975 
1335094847.63465 2.552273 1.611292 -1.521786675 
1335094847.74958 2.554139 1.600908 -1.705569975 
1335094847.81015 2.551548 1.596841 -1.602062975 
1335094847.92877 2.550863 1.596061 -1.487003675 
1335094848.023 2.549889 1.583830 -1.776675975 
1335094848.11732 2.549977 1.582152 -1.589278975 
1335094848.21213 2.548820 1.577833 -1.580369975 
1335094848.30851 2.548891 1.570128 -1.646004975 
1335094848.40885 2.549033 1.567121 -1.578534975 
1335094848.56117 2.547832 1.560617 -1.596874975 
1335094848.63093 2.547876 1.554971 -1.617170975 
1335094848.7472 2.548707 1.549820 -1.629712975 
1335094848.84177 2.547689 1.544860 -1.589537975 
1335094848.93607 2.547845 1.539487 -1.620885975 
1335094849.03103 2.548268 1.534437 -1.628990975 
1335094849.12555 2.547348 1.529908 -1.629683975 
1335094849.21959 2.547466 1.523891 -1.629478975 
1335094849.31356 2.547721 1.519227 -1.608189975 
1335094849.40857 2.547155 1.514862 -1.641622975 
1335094849.50855 2.548246 1.511593 -1.497044675 
1335094849.60855 2.547893 1.503557 -1.597828975 
1335094849.70858 2.547160 1.499058 -1.657086975 
1335094849.80854 2.547645 1.495671 -1.515272675 
1335094849.90862 2.547659 1.488723 -1.617773975 
1335094850.0165 2.547211 1.483672 -1.657086975 
1335094850.12434 2.546380 1.477353 -1.625457975 
1335094850.2437 2.546895 1.471879 -1.617257975 
1335094850.33237 2.546954 1.467340 -1.625756975 
1335094850.4302 2.546856 1.461706 -1.616748975 
1335094850.53153 2.547006 1.456224 -1.607581975 
1335094850.6559 2.547164 1.450840 -1.669922975 
1335094850.71688 2.546837 1.446528 -1.608743975 
1335094850.82862 2.547933 1.442758 -1.550642675 
1335094850.94973 2.547482 1.432536 -1.709645975 
1335094851.00924 2.544966 1.430267 -1.608725975 
1335094851.11799 2.547144 1.427069 -1.540901675 
1335094851.22759 2.543097 1.422855 -1.505264675 
1335094851.33494 2.543878 1.414360 -1.622158975 
1335094851.44294 2.541196 1.405602 -1.781939975 
1335094851.55131 2.540622 1.403064 -1.652827975 
1335094851.61098 2.539703 1.398268 -1.628431975 
1335094851.71768 2.539715 1.393080 -1.631132975 
1335094851.83875 2.540274 1.388029 -1.593142975 
1335094851.94672 2.539402 1.383844 -1.632801975 
1335094852.05515 2.539560 1.377438 -1.618896975 
1335094852.11525 2.540021 1.372923 -1.610614975 
1335094852.22234 2.539673 1.368226 -1.657086975 
1335094852.34342 2.539324 1.361634 -1.616748975 
1335094852.45275 2.539677 1.356699 -1.605652975 
1335094852.51267 2.539666 1.351834 -1.625756975 
1335094852.61958 2.539791 1.347406 -1.570796675 
1335094852.72789 2.539354 1.340496 -1.600247975 
1335094852.84086 2.539795 1.336188 -1.636805975 
1335094852.95139 2.539319 1.331304 -1.547304675 
1335094853.0119 2.540540 1.327033 -1.547223675 
1335094853.13035 2.540365 1.316365 -1.696919975 
1335094853.24076 2.537358 1.315171 -1.578488975 
1335094853.35517 2.537753 1.309358 -1.643255975 
1335094853.41526 2.536389 1.306690 -1.492284675 
1335094853.52699 2.532731 1.295683 -1.600360975 
1335094853.61601 2.533908 1.293395 -1.586871975 
1335094853.71402 2.534032 1.288515 -1.624637975 
1335094853.81311 2.533077 1.282962 -1.645258975 
1335094853.90921 2.533805 1.277602 -1.635615975 
1335094854.00901 2.533653 1.273597 -1.644476975 
1335094854.12898 2.533354 1.268274 -1.638673975 
1335094854.23721 2.532845 1.262635 -1.580035975 
1335094854.34542 2.533527 1.257326 -1.643457975 
1335094854.4537 2.533591 1.253539 -1.590142975 
1335094854.51632 2.533789 1.249376 -1.537258675 
1335094854.62382 2.532349 1.245118 -1.505540675 
1335094854.7293 2.533534 1.236772 -1.599299975 
1335094854.84107 2.530348 1.231402 -1.595966975 
1335094854.95107 2.529754 1.229082 -1.515742675 
1335094855.01212 2.526796 1.217822 -1.612413975 
1335094855.15213 2.527988 1.215721 -1.591565975 
1335094855.21306 2.527611 1.210664 -1.613167975 
1335094855.54838 2.533789 1.249376 -1.537258675 
1335094855.59839 2.527006 1.199898 -1.638846975 
1335094855.66993 2.527120 1.195951 -1.670547975 
1335094855.72094 2.527169 1.190035 -1.659229975 
1335094855.77079 2.526860 1.184872 -1.621538975 
1335094855.82178 2.527470 1.181155 -1.599044975 
1335094855.97152 2.529649 1.171856 -1.684451975 
1335094856.05139 2.522924 1.167662 -1.650060975 
1335094856.11854 2.522750 1.162655 -1.635909975 
1335094856.32 2.520327 1.155514 -1.613527975 
1335094856.39874 2.521895 1.153292 -1.587795975 
1335094856.45248 2.521039 1.147724 -1.590467975 
1335094856.51544 2.521092 1.142733 -1.636839975 
1335094856.69994 2.521188 1.136703 -1.612060975 
1335094856.74948 2.520870 1.132302 -1.626167975 
1335094856.81083 2.521157 1.127507 -1.625828975 
1335094856.93025 2.521402 1.121798 -1.582222975 
1335094857.02246 2.521535 1.117195 -1.549769675 
1335094857.21103 2.521078 1.111366 -1.577682975 
1335094857.26289 2.519534 1.105907 -1.548399675 
1335094857.31237 2.521400 1.100990 -1.527953675 
1335094857.41091 2.516168 1.094211 -1.659315975 
1335094857.52183 2.515282 1.086958 -1.556472675 
1335094857.63288 2.517830 1.086518 -1.562182675 
1335094857.74292 2.515556 1.077743 -1.615260975 
1335094857.8518 2.516306 1.072920 -1.637363975 
1335094857.91154 2.515694 1.068604 -1.653676975 
1335094858.02231 2.514616 1.063789 -1.639977975 
1335094858.13095 2.516188 1.058408 -1.596696975 
1335094858.24113 2.515520 1.053906 -1.539340675 
1335094858.34962 2.513741 1.050779 -1.447600675 
1335094858.4095 2.513074 1.042560 -1.576971975 
1335094858.51636 2.510667 1.036343 -1.636993975 
1335094858.62398 2.509100 1.030382 -1.613395975 
1335094858.73213 2.510468 1.026637 -1.622389975 
1335094858.84055 2.512148 1.023639 -1.546727675 
1335094858.94886 2.510024 1.016375 -1.601531975 
1335094859.06092 2.510845 1.009667 -1.639873975 
1335094859.12117 2.509691 1.005581 -1.636123975 
1335094859.22839 2.509779 1.001311 -1.595476975 
1335094859.33601 2.508353 0.995400 -1.555780675 
1335094859.44426 2.510645 0.990428 -1.533291675 
1335094859.55313 2.507715 0.981161 -1.713632975 
1335094859.61279 2.504228 0.977106 -1.521978675 
1335094859.71966 2.504535 0.973740 -1.631341975 
1335094859.82729 2.504359 0.967801 -1.564362675 
1335094859.93493 2.507241 0.965704 -1.502814675 
1335094860.04856 2.504998 0.958505 -1.610638975 
1335094860.15628 2.504085 0.953642 -1.573384975 
1335094860.21626 2.505189 0.950144 -1.557239675 
1335094860.32426 2.505286 0.944051 -1.584467975 
1335094860.43174 2.504480 0.937324 -1.589976975 
1335094860.54009 2.500538 0.932274 -1.630530975 
1335094860.64778 2.499439 0.927378 -1.657000975 
1335094860.75588 2.500020 0.922928 -1.589044975 
1335094860.816 2.499352 0.917929 -1.620315975 
1335094860.92312 2.499859 0.911528 -1.628370975 
1335094861.03264 2.500314 0.905777 -1.592584975 
1335094861.14516 2.500124 0.901164 -1.574384975 
1335094861.25354 2.500525 0.895699 -1.579048975 
1335094861.31341 2.501472 0.890740 -1.525105675 
1335094861.42047 2.500419 0.885844 -1.526006675 
1335094861.52832 2.499413 0.879615 -1.553357675 
1335094861.71594 2.496381 0.873996 -1.575746975 
1335094861.76269 2.492469 0.866702 -1.506373675 
1335094861.81033 2.495471 0.863311 -1.535361675 
1335094861.90924 2.495470 0.858857 -1.587104975 
1335094862.00928 2.494789 0.853483 -1.605993975 
1335094862.10947 2.495799 0.847887 -1.609152975 
1335094862.20925 2.495409 0.842647 -1.605970975 
1335094862.30931 2.496063 0.838674 -1.562138675 
1335094862.41989 2.496209 0.831042 -1.599228975 
1335094862.53118 2.495432 0.827587 -1.492846675 
1335094862.64189 2.493074 0.824845 -1.415702675 
1335094862.75232 2.492790 0.815886 -1.551856675 
1335094862.8132 2.487263 0.806304 -1.573250975 
1335094862.92301 2.491154 0.806835 -1.556371675 
1335094863.03429 2.490566 0.798802 -1.521978675 
1335094863.14889 2.491318 0.794763 -1.587138975 
1335094863.21102 2.491390 0.789524 -1.577139975 
1335094863.31988 2.491641 0.783696 -1.577220975 
1335094863.43008 2.491154 0.779270 -1.574851975 
1335094863.54029 2.491869 0.772863 -1.598347975 
1335094863.64922 2.491621 0.769013 -1.494138675 
1335094863.71018 2.484800 0.759763 -1.658672975 
1335094863.81923 2.488249 0.757890 -1.533944675 
1335094863.92925 2.484422 0.748085 -1.564553675 
1335094864.03909 2.486492 0.744948 -1.430910675 
1335094864.154 2.487592 0.741262 -1.531752675 
1335094864.2151 2.486530 0.734989 -1.438653675 
1335094864.32511 2.487615 0.732120 -1.522943675 
1335094864.50536 2.488751 0.727142 -1.421940675 
1335094864.5555 2.488183 0.721550 -1.530482675 
1335094864.6163 2.488864 0.715274 -1.550820675 
1335094864.72972 2.487533 0.709527 -1.560009675 
1335094864.84748 2.488441 0.704427 -1.541645675 
1335094864.9111 2.486048 0.697327 -1.597709975 
1335094865.02174 2.489007 0.693884 -1.464600675 
1335094865.17952 2.486657 0.686467 -1.553915675 
1335094865.23289 2.484642 0.682982 -1.518420675 
1335094865.32257 2.480577 0.672986 -1.547181675 
1335094865.42468 2.484931 0.673034 -1.505997675 
1335094865.52461 2.484247 0.665291 -1.478320675 
1335094865.62396 2.484808 0.661349 -1.407732675 
1335094865.72338 2.486697 0.660185 -1.435918675 
1335094865.82426 2.485624 0.652426 -1.479511675 
1335094865.9216 2.486111 0.646190 -1.504430675 
1335094866.02416 2.486279 0.640877 -1.524926675 
1335094866.12332 2.486716 0.635880 -1.502353675 
1335094866.2498 2.484651 0.628253 -1.559785675 
1335094866.34927 2.486438 0.625271 -1.465149675 
1335094866.44711 2.485247 0.617892 -1.540784675 
1335094866.54352 2.482545 0.613105 -1.504906675 
1335094866.66327 2.484771 0.610735 -1.379852675 
1335094866.71621 2.481111 0.601093 -1.422855675 
1335094866.81773 2.480584 0.595562 -1.571659975 
1335094866.91794 2.482324 0.591147 -1.384802675 
1335094867.04151 2.482624 0.584631 -1.391620675 
1335094867.12176 2.484526 0.582886 -1.425071675 
1335094867.23427 2.483864 0.574450 -1.380602675 
1335094867.34208 2.484711 0.570409 -1.446900675 
1335094867.50866 2.485229 0.565026 -1.389681675 
1335094867.55857 2.485163 0.558276 -1.391620675 
1335094867.61907 2.486635 0.555953 -1.408558675 
1335094867.72708 2.486456 0.548278 -1.389449675 
1335094867.83488 2.488233 0.544459 -1.400170675 
1335094867.94398 2.488060 0.540306 -1.412800675 
1335094868.05285 2.488038 0.534682 -1.363103675 
1335094868.11434 2.489112 0.530740 -1.392673675 
1335094868.22515 2.488827 0.525191 -1.289252675 
1335094868.34794 2.489253 0.523428 -1.384935675 
1335094868.41021 2.490399 0.519985 -1.334132675 
1335094868.51752 2.490320 0.515708 -1.270130675 
1335094868.61082 2.489945 0.515852 -1.513496675 
1335094868.70967 2.487178 0.513786 -1.857227975 
1335094868.81728 2.484561 0.514490 -1.932690975 
1335094868.91241 2.483115 0.517520 -2.251288975 
1335094869.01001 2.477258 0.513731 -2.446880975 
1335094869.10963 2.472589 0.511584 -2.650278975 
1335094869.22132 2.467909 0.509108 -2.730603975 
1335094869.33518 2.463153 0.511107 -2.751327975 
1335094869.44511 2.458213 0.510139 -2.814244975 
1335094869.55487 2.453655 0.505881 -2.886401975 
1335094869.61523 2.445875 0.504216 -2.932791975 
1335094869.7275 2.440681 0.502529 -3.125999975 
1335094869.83722 2.437717 0.503348 -2.923563975 
1335094870.12545 2.431344 0.503170 -3.074822975 
1335094870.21648 2.424487 0.501100 -3.132334975 
1335094870.29692 2.422210 0.501896 -3.103036975 
1335094870.42044 2.416363 0.503153 -3.127313975 
1335094870.49582 2.408593 0.501813 3.094310325 
1335094870.55334 2.405023 0.502467 3.134216325 
1335094870.70444 2.398305 0.503124 -3.135234975 
1335094870.75577 2.397837 0.499761 -3.021973975 
1335094870.81988 2.389279 0.503789 -3.128743975 
1335094870.86811 2.381417 0.500200 3.085804325 
1335094870.92543 2.380269 0.503318 -3.103351975 
1335094871.04808 2.371625 0.502106 -3.059351975 
1335094871.11317 2.366904 0.501087 3.029256325 
1335094871.22398 2.361608 0.500114 -3.120121975 
1335094871.33556 2.357008 0.500752 3.085838325 
1335094871.45191 2.352033 0.500510 3.104966325 
1335094871.54114 2.345698 0.500282 -3.132302975 
1335094871.64816 2.339794 0.500554 3.062982325 
1335094871.7349 2.335426 0.502240 3.140625325 
1335094871.85812 2.329026 0.501664 3.136502325 
1335094871.93925 2.324669 0.499852 -3.128909975 
1335094872.06452 2.319630 0.502098 -3.121541975 
1335094872.12908 2.311378 0.498576 3.109062325 
1335094872.23597 2.310348 0.501618 -3.070852975 
1335094872.3633 2.302506 0.498543 -3.068019975 
1335094872.41657 2.298549 0.502620 -3.126600975 
1335094872.52721 2.293969 0.500385 -3.136204975 
1335094872.67159 2.286287 0.497659 -3.132233975 
1335094872.73996 2.282211 0.499750 3.058454325 
1335094873.05556 2.277096 0.498121 -3.100036975 
1335094873.11375 2.270887 0.498684 3.071749325 
1335094873.1597 2.266402 0.499365 -3.113955975 
1335094873.20657 2.260075 0.499811 -3.131098975 
1335094873.26449 2.255641 0.497629 -3.108120975 
1335094873.31662 2.250649 0.499384 -3.096250975 
1335094873.6367 2.242848 0.496238 3.119559325 
1335094873.7095 2.241949 0.499139 -3.062523975 
1335094873.75628 2.234828 0.499031 -3.105787975 
1335094873.81808 2.226713 0.496501 -3.097512975 
1335094873.86529 2.224911 0.499370 -3.125548975 
1335094873.93339 2.217762 0.497082 -3.114703975 
1335094874.05603 2.211438 0.496214 3.074736325 
1335094874.12482 2.208176 0.495699 3.141194325 
1335094874.23649 2.201489 0.496945 3.137041325 
1335094874.34444 2.195626 0.495464 3.078460325 
1335094874.44878 2.191462 0.496606 3.110128325 
1335094874.55538 2.185031 0.497606 3.123210325 
1335094874.66035 2.181255 0.495661 -3.123230975 
1335094874.75861 2.175614 0.497902 -3.123771975 
1335094874.81648 2.169062 0.496641 3.108194325 
1335094874.91668 2.166902 0.498368 -3.080023975 
1335094875.02454 2.159483 0.498244 -3.114606975 
1335094875.13982 2.155334 0.498969 -3.075677975 
1335094875.23852 2.150402 0.498173 -3.123105975 
1335094875.35021 2.142275 0.495504 -3.063502975 
1335094875.41882 2.138782 0.497934 3.066664325 
1335094875.52228 2.133919 0.496749 -3.138541975 
1335094875.64268 2.125988 0.493432 -3.124183975 
1335094875.7515 2.123861 0.496990 3.113160325 
1335094875.81419 2.117090 0.495060 -3.082435975 
1335094875.91714 2.110650 0.495321 3.104616325 
1335094876.03502 2.107113 0.495625 -3.132644975 
1335094876.15868 2.101293 0.496325 3.126687325 
1335094876.23262 2.095075 0.495869 3.070789325 
1335094876.3382 2.090677 0.495855 3.134557325 
1335094876.46263 2.083848 0.497136 -3.138992975 
1335094876.53246 2.077628 0.496255 3.087845325 
1335094876.64277 2.076050 0.497339 -3.074021975 
1335094876.72113 2.068104 0.496487 -3.133402975 
1335094876.83338 2.065780 0.498327 -3.044606975 
1335094876.94693 2.058476 0.497065 -3.121429975 
1335094877.06343 2.052171 0.496826 -3.116567975 
1335094877.11847 2.048005 0.496990 3.098142325 
1335094877.23739 2.043548 0.494893 -3.124460975 
1335094877.34178 2.035382 0.492082 -3.111388975 
1335094877.44377 2.031160 0.495503 3.138793325 
1335094877.55354 2.027550 0.494952 -3.109736975 
1335094877.62455 2.019393 0.492994 -3.126063975 
1335094877.75098 2.016015 0.494463 -3.141457975 
1335094877.81308 2.010815 0.494097 -3.112216975 
1335094877.91569 2.003511 0.494383 3.133120325 
1335094878.0318 1.999603 0.494924 -3.135586975 
1335094878.12465 1.993805 0.495178 3.127179325 
1335094878.23463 1.987287 0.495019 3.132982325 
1335094878.57903 1.983975 0.494930 -3.106550975 
1335094878.63726 1.977182 0.495312 3.129399325 
1335094878.68983 1.971143 0.495149 -3.132652975 
1335094878.73675 1.967732 0.495404 -3.102735975 
1335094878.7836 1.961993 0.496391 -3.139484975 
1335094878.82981 1.956136 0.495061 3.125262325 
1335094878.92651 1.951836 0.495588 -3.121909975 
1335094879.02428 1.945995 0.496110 3.128906325 
1335094879.12268 1.940091 0.496055 3.127884325 
1335094879.22406 1.936255 0.495538 -3.139636975 
1335094879.70883 1.930301 0.494433 -3.128316975 
1335094879.75852 1.924382 0.495475 3.127422325 
1335094879.80493 1.919594 0.496785 -3.117072975 
1335094879.85064 1.914617 0.494947 -3.116431975 
1335094879.90038 1.906715 0.491824 -3.126063975 
1335094879.94616 1.904214 0.497713 3.141446325 
1335094879.9922 1.898529 0.494947 -3.111005975 
1335094880.03822 1.890644 0.491973 -3.130676975 
1335094880.13254 1.887585 0.495343 -3.133032975 
1335094880.23111 1.882724 0.494973 -3.129353975 
1335094880.32579 1.875631 0.494308 3.116877325 
1335094880.42044 1.871784 0.495684 3.111503325 
1335094880.51512 1.867029 0.495738 -3.137507975 
1335094880.61044 1.859715 0.495216 3.116877325 
1335094880.71027 1.857332 0.498085 -3.066441975 
1335094880.81027 1.850571 0.496567 -3.117164975 
1335094880.91028 1.843674 0.495767 3.122851325 
1335094881.01029 1.838325 0.497461 3.133027325 
1335094881.12019 1.833751 0.496016 3.120389325 
1335094881.2335 1.827582 0.496330 3.132041325 
1335094881.34182 1.822386 0.497553 3.106860325 
1335094881.4506 1.817761 0.496481 3.126922325 
1335094881.51105 1.811401 0.497749 -3.138634975 
1335094881.61926 1.809303 0.499487 -3.039662975 
1335094881.728 1.801916 0.497005 3.129399325 
1335094881.83575 1.795379 0.496683 -3.126352975 
1335094881.94497 1.790630 0.497661 3.088042325 
1335094882.05465 1.787970 0.498232 -3.105827975 
1335094882.1151 1.779675 0.497653 -3.124554975 
1335094882.22309 1.774751 0.498198 3.082470325 
1335094882.33522 1.770619 0.497556 3.113114325 
1335094882.94869 1.763967 0.498382 -3.124554975 
1335094883.01039 1.758130 0.498472 3.117800325 
1335094883.05781 1.754211 0.498069 3.140053325 
1335094883.11872 1.747741 0.498812 3.137530325 
1335094883.16534 1.742661 0.499414 -3.104887975 
1335094883.22652 1.738120 0.498516 -3.126572975 
1335094883.27313 1.731723 0.498518 -3.130272975 
1335094883.33406 1.726186 0.499694 -3.083402975 
1335094883.38635 1.722486 0.498208 -3.125300975 
1335094883.44952 1.716836 0.496716 -3.086498975 
1335094883.51457 1.710314 0.496932 -3.063104975 
1335094883.56558 1.706728 0.497206 -3.130809975 
1335094883.62923 1.701000 0.495748 -3.100794975 
1335094883.74494 1.694675 0.496206 -3.141385975 
1335094883.8553 1.690894 0.497057 -3.141115975 
1335094883.91654 1.685431 0.496918 -3.089714975 
1335094884.02556 1.679161 0.495862 3.128648325 
1335094884.13524 1.674330 0.497315 -3.139771975 
1335094884.24437 1.669143 0.496973 -3.109182975 
1335094884.35436 1.661939 0.496998 -3.129192975 
1335094884.41522 1.657355 0.497235 3.125664325 
1335094884.52379 1.653038 0.498534 -3.130418975 
1335094884.63295 1.646899 0.497330 -3.111958975 
1335094884.74724 1.640464 0.496184 3.116877325 
1335094884.85758 1.636580 0.498532 3.138415325 
1335094884.91837 1.630911 0.497986 -3.129192975 
1335094885.02757 1.624965 0.496652 3.116877325 
1335094885.13773 1.621146 0.499184 3.139802325 
1335094885.24707 1.615426 0.498435 -3.129192975 
1335094885.35681 1.609424 0.497282 3.119058325 
1335094885.41732 1.605858 0.500065 3.133142325 
1335094885.52587 1.599959 0.498855 -3.129192975 
1335094885.63556 1.593944 0.497667 3.119650325 
1335094885.74924 1.589662 0.499590 -3.125818975 
1335094885.85735 1.583511 0.499632 -3.139663975 
1335094885.91827 1.577168 0.498442 -3.116643975 
1335094886.02664 1.573027 0.499996 -3.127464975 
1335094886.13562 1.567953 0.500869 -3.130418975 
1335094886.24156 1.561211 0.499061 -3.135045975 
1335094886.35129 1.556967 0.500181 -3.108312975 
1335094886.41201 1.552595 0.501721 3.131320325 
1335094886.5203 1.546421 0.499919 -3.111955975 
1335094886.62952 1.541460 0.500730 -3.129230975 
1335094886.74294 1.536511 0.502245 -3.135995975 
1335094886.85255 1.529869 0.500886 3.129589325 
1335094886.91342 1.525244 0.499773 3.129587325 
1335094887.02239 1.521253 0.502512 -3.141287975 
1335094887.13159 1.513438 0.502436 3.116808325 
1335094887.24102 1.509121 0.502243 -3.123303975 
1335094887.35091 1.505240 0.503016 3.135920325 
1335094887.4115 1.498475 0.503054 3.130398325 
1335094887.51979 1.493150 0.502247 -3.087145975 
1335094887.62037 1.488273 0.503385 -3.102032975 
1335094887.72044 1.482870 0.504913 -3.131439975 
1335094887.8234 1.476544 0.504398 -3.133362975 
1335094887.92111 1.471627 0.504476 -3.125172975 
1335094888.01756 1.467200 0.505289 -3.119432975 
1335094888.11326 1.461437 0.505850 3.139352325 
1335094888.21067 1.455619 0.506609 -3.136585975 
1335094888.31074 1.451413 0.506494 -3.141039975 
1335094888.42047 1.445232 0.506161 3.118288325 
1335094888.53103 1.439590 0.506937 3.135777325 
1335094888.64158 1.434523 0.507761 3.115769325 
1335094888.75228 1.429940 0.506406 3.120478325 
1335094888.81381 1.423648 0.506958 -3.124552975 
1335094888.92765 1.418483 0.507740 -3.131699975 
1335094889.03644 1.413401 0.506626 -3.117638975 
1335094889.14661 1.408104 0.507006 -3.117047975 
1335094889.25666 1.402362 0.508773 -3.103200975 
1335094889.31764 1.397177 0.507544 -3.140243975 
1335094889.42648 1.392423 0.507184 -3.108219975 
1335094889.5363 1.386341 0.507814 -3.129067975 
1335094889.64628 1.380338 0.508487 3.127780325 
1335094889.75627 1.377071 0.507176 -3.108219975 
1335094889.81733 1.370540 0.509336 -3.113038975 
1335094889.93035 1.365388 0.508804 -3.132381975 
1335094890.03992 1.360674 0.509098 3.128149325 
1335094890.14936 1.354898 0.508993 -3.140164975 
1335094890.25853 1.350034 0.509441 -3.129178975 
1335094890.31993 1.344735 0.511733 3.122140325 
1335094890.42896 1.339352 0.509179 -3.133383975 
1335094890.5384 1.334091 0.509813 -3.107440975 
1335094890.64774 1.328582 0.511602 -3.129824975 
1335094890.75761 1.323726 0.509822 -3.130071975 
1335094890.81884 1.317973 0.510763 -3.109185975 
1335094890.92708 1.312780 0.510438 -3.119672975 
1335094891.0312 1.307229 0.509153 -3.120796975 
1335094891.14111 1.301594 0.510603 -3.073623975 
1335094891.25095 1.297716 0.511632 -3.108058975 
1335094891.31167 1.290705 0.511204 3.118563325 
1335094891.42038 1.286267 0.511471 -3.129723975 
1335094891.52973 1.281644 0.512239 -3.127670975 
1335094891.6391 1.274928 0.513485 -3.127132975 
1335094891.74816 1.269807 0.513168 -3.110561975 
1335094891.85793 1.264489 0.514731 -3.092214975 
1335094891.91868 1.259323 0.514215 3.127275325 
1335094892.03231 1.254568 0.514500 -3.117047975 
1335094892.141 1.248134 0.514507 -3.128967975 
1335094892.24937 1.242978 0.514830 -3.118451975 
1335094892.35764 1.238312 0.514631 -3.127843975 
1335094892.41772 1.232434 0.514244 -3.117974975 
1335094892.52517 1.226590 0.515507 3.132552325 
1335094892.63325 1.221579 0.514874 -3.129999975 
1335094892.74198 1.216684 0.514871 -3.105891975 
1335094892.8505 1.210405 0.515498 -3.111666975 
1335094892.96207 1.205901 0.515121 -3.116809975 
1335094893.02308 1.201224 0.514800 -3.105382975 
1335094893.13524 1.195827 0.515548 -3.113392975 
1335094893.24384 1.190213 0.517493 -3.132623975 
1335094893.35231 1.185308 0.515299 -3.127012975 
1335094893.41218 1.179496 0.516446 -3.114560975 
1335094893.51936 1.174135 0.515679 3.141592325 
1335094893.62719 1.169131 0.514925 -3.102555975 
1335094893.73586 1.163401 0.517127 -3.056214975 
1335094893.84394 1.158075 0.517725 3.136651325 
1335094893.94696 1.152714 0.517782 -3.104619975 
1335094894.05563 1.147351 0.518119 -3.065567975 
1335094894.11563 1.141679 0.519330 -3.116445975 
1335094894.22727 1.136118 0.517529 -3.121295975 
1335094894.33561 1.131794 0.518916 -3.065084975 
1335094894.44208 1.126826 0.520183 -3.104503975 
1335094894.55072 1.120677 0.518889 -3.128663975 
1335094894.65866 1.117084 0.519735 -3.098408975 
1335094894.71888 1.111129 0.519953 -3.133199975 
1335094894.82664 1.104614 0.520002 -3.108892975 
1335094894.93503 1.100481 0.519760 -3.092993975 
1335094895.04423 1.094600 0.521031 -3.116452975 
1335094895.15297 1.088977 0.520906 -3.110814975 
1335094895.21275 1.084562 0.520185 -3.125044975 
1335094895.32457 1.078592 0.522007 -3.107386975 
1335094895.43314 1.072778 0.521994 -3.140007975 
1335094895.9392 1.068725 0.520819 -3.073142975 
1335094895.9927 1.062346 0.522240 -3.063943975 
1335094896.04721 1.056860 0.522298 -3.133839975 
1335094896.10603 1.052241 0.521514 -3.070134975 
1335094896.1549 1.046932 0.522419 -3.053756975 
1335094896.21565 1.040958 0.523493 -3.129966975 
1335094896.26227 1.036925 0.522174 -3.085121975 
1335094896.32284 1.030907 0.523442 -3.041878975 
1335094896.36931 1.025169 0.524538 -3.086565975 
1335094896.42993 1.020104 0.522362 -3.110367975 
1335094896.54442 1.015544 0.523111 -3.055917975 
1335094896.65461 1.009156 0.524115 -3.113213975 
1335094896.71517 1.004219 0.523996 -3.078564975 
1335094896.82381 0.999388 0.523136 -3.079848975 
1335094896.9281 0.993605 0.523753 -3.084916975 
1335094897.03197 0.987449 0.523780 -3.089060975 
1335094897.14227 0.983505 0.523512 -3.108704975 
1335094897.25149 0.977343 0.524172 -3.100214975 
1335094897.35896 0.971617 0.523860 -3.092212975 
1335094897.42023 0.967194 0.524352 -3.090253975 
1335094897.53338 0.961165 0.525172 -3.118125975 
1335094897.64285 0.955889 0.524858 -3.130459975 
1335094897.75264 0.950730 0.525025 -3.098762975 
1335094897.81377 0.944826 0.526305 -3.053756975 
1335094897.92241 0.940386 0.525812 -3.099384975 
1335094898.03186 0.935267 0.525661 -3.055291975 
1335094898.1405 0.928761 0.527413 -3.048909975 
1335094898.24913 0.924105 0.527062 -3.119587975 
1335094898.35875 0.919872 0.526699 -3.028740975 
1335094898.4203 0.913133 0.527181 -3.060609975 
1335094898.53346 0.908110 0.527067 -3.096754975 
1335094898.64348 0.903122 0.527127 -3.054077975 
1335094898.7539 0.897415 0.526609 -3.070384975 
1335094898.81495 0.892448 0.527470 -3.086024975 
1335094898.9233 0.886673 0.526609 -3.081805975 
1335094899.03421 0.882262 0.527051 -3.095672975 
1335094899.14477 0.876283 0.527023 -3.085300975 
1335094899.25463 0.871087 0.527540 -3.058903975 
1335094899.31513 0.865106 0.528445 -3.115606975 
1335094899.42396 0.859936 0.528402 -3.106174975 
1335094899.53788 0.854441 0.528187 -3.068378975 
1335094899.64762 0.849070 0.529266 -3.063202975 
1335094899.75784 0.843366 0.528957 -3.087938975 
1335094899.8188 0.839674 0.528726 -3.057372975 
1335094899.92774 0.833023 0.530495 -3.048909975 
1335094900.03654 0.828047 0.528226 -3.048872975 
1335094900.1456 0.824230 0.529459 -3.029287975 
1335094900.25481 0.816826 0.529523 -3.048868975 
1335094900.31519 0.812684 0.528705 -3.060253975 
1335094900.42293 0.807887 0.529389 -3.019052975 
1335094900.53129 0.801692 0.529961 -3.051609975 
1335094900.64552 0.797304 0.529312 -3.042341975 
1335094900.75519 0.791604 0.528437 -3.040887975 
1335094900.83087 0.785371 0.528553 -3.052838975 
1335094901.27776 0.780743 0.528981 -3.034110975 
1335094901.33874 0.774200 0.528609 -3.082122975 
1335094901.39275 0.769788 0.529482 -3.084059975 
1335094901.44803 0.764387 0.529260 -3.059004975 
1335094901.50901 0.757210 0.529810 -3.093711975 
1335094901.55762 0.753441 0.530772 -3.070518975 
1335094901.61983 0.748076 0.529190 -3.049553975 
1335094901.66717 0.741130 0.529873 -3.046744975 
1335094901.7293 0.736283 0.530236 -3.038551975 
1335094901.84722 0.732072 0.528948 -3.025856975 
1335094901.95954 0.725987 0.531277 -3.017870975 
1335094902.02753 0.721087 0.529218 -3.003022975 
1335094902.13959 0.716734 0.528232 -3.021984975 
1335094902.21222 0.709642 0.530632 -3.019027975 
1335094902.42645 0.704567 0.528621 -2.986681975 
1335094902.47466 0.701100 0.529958 -3.021941975 
1335094902.52145 0.693598 0.529738 -3.021003975 
1335094902.61743 0.688812 0.528351 -2.972081975 
1335094902.71427 0.684674 0.529755 -3.000908975 
1335094902.8138 0.677554 0.528753 -3.040300975 
1335094902.93782 0.673860 0.528774 -2.938573975 
1335094903.01468 0.668092 0.528664 -3.004532975 
1335094903.46043 0.663958 0.527941 -2.969246975 
1335094903.52755 0.657224 0.528397 -2.957019975 
1335094903.57502 0.652096 0.527436 -2.994513975 
1335094903.62284 0.648288 0.526958 -2.971092975 
1335094903.67051 0.641507 0.527581 -2.984695975 
1335094903.71851 0.637910 0.526388 -2.940344975 
1335094903.76634 0.632210 0.525494 -2.947077975 
1335094903.81432 0.625582 0.526441 -3.016278975 
1335094904.32428 0.621246 0.525309 -2.947544975 
1335094904.3767 0.615786 0.525965 -2.972535975 
1335094904.43996 0.609734 0.524495 -2.987074975 
1335094904.49448 0.604218 0.524666 -2.932214975 
1335094904.54899 0.598531 0.524545 -2.960119975 
1335094904.6106 0.594897 0.523285 -2.916675975 
1335094904.6594 0.588155 0.523372 -2.917568975 
1335094904.72288 0.582514 0.522471 -2.929765975 
1335094904.77137 0.578029 0.522476 -2.909057975 
1335094904.83557 0.572495 0.520541 -2.911830975 
1335094904.9671 0.567904 0.520784 -2.868951975 
1335094905.02907 0.561770 0.520485 -2.889526975 
1335094905.15796 0.556072 0.519480 -2.935722975 
1335094905.22833 0.553076 0.518793 -2.864688975 
1335094905.31534 0.546719 0.518155 -2.908113975 
1335094905.47632 0.542038 0.517556 -2.831616975 
1335094905.54035 0.536452 0.516936 -2.875679975 
1335094905.67071 0.531349 0.514366 -2.824452975 
1335094905.76948 0.526614 0.514113 -2.855408975 
1335094905.88304 0.523514 0.513361 -2.791932975 
1335094906.01099 0.518962 0.514675 -2.805921975 
1335094906.09087 0.514962 0.512418 -2.824155975 
1335094906.207 0.513486 0.511058 -2.767270975 
1335094906.3313 0.509329 0.510845 -2.796653975 
1335094906.38082 0.507300 0.513759 -3.058217975 
1335094906.44261 0.507593 0.514101 2.969329325 
1335094906.74847 0.508275 0.515055 2.706260325 
1335094906.82945 0.509982 0.517597 2.407648325 
1335094906.93874 0.506896 0.522045 2.182891325 
1335094907.03697 0.505112 0.528068 2.002860325 
1335094907.13812 0.503613 0.534386 1.782969325 
1335094907.22957 0.505035 0.539806 1.598283325 
1335094907.32466 0.506596 0.544474 1.520240325 
1335094907.41938 0.508073 0.549485 1.396053325 
1335094907.51777 0.508921 0.554007 1.327480325 
1335094907.63432 0.510434 0.559009 1.307400325 
1335094907.71684 0.511363 0.564690 1.293453325 
1335094907.79408 0.512175 0.569841 1.320439325 
1335094907.86343 0.512741 0.575057 1.348347325 
1335094907.96122 0.513069 0.580531 1.355612325 
1335094908.05279 0.513217 0.586151 1.387596325 
1335094908.12953 0.514075 0.593257 1.386732325 
1335094908.25688 0.513962 0.595824 1.459657325 
1335094908.32806 0.514369 0.603674 1.430228325 
1335094908.39303 0.514108 0.607899 1.470738325 
1335094908.45242 0.512822 0.612845 1.488955325 
1335094908.51614 0.512905 0.618340 1.542554325 
1335094908.64611 0.512486 0.622993 1.547197325 
1335094908.76395 0.511191 0.628086 1.549624325 
1335094908.8286 0.510994 0.634297 1.547327325 
1335094909.08608 0.511329 0.638926 1.544937325 
1335094909.16145 0.510359 0.643762 1.554957325 
1335094909.20992 0.512117 0.649576 1.538291325 
1335094909.25758 0.509951 0.654298 1.600897325 
1335094909.44564 0.508508 0.658900 1.617063325 
1335094909.50012 0.508087 0.665546 1.570681325 
1335094909.60602 0.506707 0.670294 1.610122325 
1335094909.65223 0.506786 0.676781 1.592944325 
1335094909.92755 0.506634 0.681143 1.556236325 
1335094910.001 0.506405 0.686967 1.582358325 
1335094910.05036 0.506196 0.692639 1.556109325 
1335094910.10435 0.507284 0.696516 1.599837325 
1335094910.15383 0.504874 0.702711 1.565755325 
1335094910.23095 0.504465 0.707992 1.551727325 
1335094910.34396 0.503411 0.712857 1.570704325 
1335094910.4549 0.502512 0.718080 1.586964325 
1335094910.55659 0.503226 0.724558 1.503421325 
1335094910.72895 0.502137 0.729006 1.584656325 
1335094910.7789 0.502582 0.734562 1.561682325 
1335094910.82794 0.503355 0.742078 1.490659325 
1335094911.01016 0.501889 0.744784 1.602604325 
1335094911.07363 0.500221 0.751195 1.585452325 
1335094911.14333 0.499193 0.755164 1.640443325 
1335094911.26961 0.498031 0.761244 1.609385325 
1335094911.33558 0.497770 0.767932 1.609645325 
1335094911.45601 0.497713 0.770927 1.612243325 
1335094911.52054 0.497776 0.776825 1.608031325 
1335094911.68736 0.496537 0.783281 1.561422325 
1335094911.74207 0.497069 0.787521 1.592927325 
1335094911.85028 0.496015 0.792667 1.601739325 
1335094911.95003 0.495759 0.799258 1.552972325 
1335094912.04971 0.495384 0.803264 1.607027325 
1335094912.11877 0.493909 0.809307 1.577064325 
1335094912.2136 0.494010 0.815300 1.525371325 
1335094912.3585 0.493356 0.819336 1.631607325 
1335094912.4713 0.493513 0.824915 1.589640325 
1335094912.53769 0.492958 0.831826 1.522069325 
1335094912.80503 0.492667 0.836342 1.558055325 
1335094912.86272 0.492718 0.841002 1.555221325 
1335094912.92779 0.492386 0.847506 1.534099325 
1335094912.97381 0.493074 0.851359 1.592993325 
1335094913.03468 0.490379 0.857159 1.579695325 
1335094913.14408 0.490525 0.862921 1.558190325 
1335094913.25007 0.489571 0.867507 1.645014325 
1335094913.35703 0.489300 0.872916 1.600389325 
1335094913.41806 0.489424 0.879674 1.522929325 
1335094913.5261 0.489097 0.883063 1.605680325 
1335094913.63453 0.488752 0.889169 1.564516325 
1335094913.74354 0.488666 0.894524 1.542430325 
1335094913.85149 0.488839 0.898734 1.589910325 
1335094913.94792 0.487977 0.904452 1.566407325 
1335094914.04242 0.487955 0.908887 1.564283325 
1335094914.13773 0.486788 0.913981 1.579242325 
1335094914.23234 0.486322 0.920144 1.573310325 
1335094914.32665 0.486655 0.924748 1.595365325 
1335094914.42728 0.485074 0.929429 1.572756325 
1335094914.52351 0.484416 0.937282 1.575763325 
1335094914.61965 0.484757 0.940608 1.615883325 
1335094914.71587 0.484419 0.945981 1.582153325 
1335094914.82096 0.485176 0.952449 1.522517325 
1335094914.91561 0.484559 0.956743 1.565840325 
1335094915.01214 0.484405 0.961559 1.565750325 
1335094915.11214 0.483908 0.967155 1.539721325 
1335094915.21222 0.484104 0.972393 1.559982325 
1335094915.31984 0.483180 0.977664 1.574165325 
1335094915.42781 0.482734 0.983047 1.558525325 
1335094915.53651 0.483057 0.988490 1.582780325 
1335094915.64551 0.481579 0.993391 1.599642325 
1335094915.75457 0.481504 0.999977 1.530903325 
1335094915.81483 0.481912 1.004560 1.596516325 
1335094915.92632 0.480966 1.008784 1.567908325 
1335094916.03485 0.481233 1.015731 1.507951325 
1335094916.14109 0.480592 1.020640 1.544906325 
1335094916.24945 0.480947 1.025161 1.570352325 
1335094916.35774 0.479778 1.031306 1.568500325 
1335094916.41834 0.480766 1.036500 1.546990325 
1335094916.52618 0.480896 1.040784 1.592502325 
1335094917.12595 0.479741 1.046973 1.568919325 
1335094917.17243 0.479883 1.051390 1.588681325 
1335094917.21879 0.479033 1.057097 1.599966325 
1335094917.26674 0.477628 1.062259 1.544732325 
1335094917.31438 0.478584 1.067087 1.568296325 
1335094917.35996 0.478243 1.072360 1.606785325 
1335094917.40576 0.477876 1.078006 1.550536325 
1335094917.45102 0.477807 1.085211 1.511391325 
1335094917.49668 0.478184 1.089117 1.551159325 
1335094917.54212 0.477970 1.093929 1.543745325 
1335094917.6355 0.477897 1.100839 1.487435325 
1335094917.729 0.476801 1.104621 1.543427325 
1335094917.82259 0.476849 1.110155 1.550633325 
1335094917.91603 0.477549 1.116748 1.505982325 
1335094918.0124 0.479338 1.120188 1.535901325 
1335094918.1124 0.477238 1.125777 1.579423325 
1335094918.22477 0.477006 1.132027 1.553115325 
1335094918.33344 0.477325 1.136387 1.538661325 
1335094918.44129 0.477211 1.141677 1.576244325 
1335094918.55032 0.476354 1.147278 1.557112325 
1335094918.659 0.476694 1.152288 1.569586325 
1335094918.71924 0.475833 1.157674 1.599966325 
1335094918.82743 0.474948 1.163033 1.572693325 
1335094918.93698 0.475548 1.167663 1.593727325 
1335094919.05409 0.476136 1.173273 1.606747325 
1335094919.11421 0.474219 1.178921 1.553922325 
1335094919.22618 0.475519 1.183334 1.591184325 
1335094919.33458 0.475271 1.188388 1.603089325 
1335094919.44269 0.474170 1.194425 1.536738325 
1335094919.55145 0.473803 1.200970 1.491639325 
1335094919.65517 0.474989 1.203722 1.575987325 
1335094919.71578 0.474782 1.209400 1.522551325 
1335094919.82347 0.475638 1.213930 1.548597325 
1335094919.93168 0.473525 1.218550 1.583252325 
1335094920.04132 0.474256 1.224830 1.529797325 
1335094920.14999 0.474714 1.230666 1.538410325 
1335094920.21252 0.475768 1.234170 1.584082325 
1335094920.37207 0.474810 1.240536 1.546104325 
1335094920.41864 0.474660 1.246534 1.541753325 
1335094920.5132 0.475066 1.251217 1.529489325 
1335094920.61251 0.474900 1.255996 1.554198325 
1335094920.73799 0.475015 1.262296 1.521822325 
1335094920.8211 0.474694 1.266700 1.549307325 
1335094920.92628 0.475211 1.271897 1.580876325 
1335094921.03945 0.474042 1.277777 1.551179325 
1335094921.14771 0.474527 1.281801 1.550323325 
1335094921.25605 0.474139 1.287134 1.564730325 
1335094921.31613 0.473602 1.293007 1.555813325 
1335094921.42714 0.473208 1.296947 1.574262325 
1335094921.53521 0.474570 1.303031 1.592675325 
1335094921.64371 0.473356 1.308327 1.544720325 
1335094921.75185 0.473401 1.313821 1.564496325 
1335094921.85941 0.473903 1.318348 1.600686325 
1335094921.91985 0.473606 1.324484 1.561265325 
1335094922.02715 0.473082 1.330486 1.547995325 
1335094922.13504 0.473402 1.334637 1.581025325 
1335094922.2435 0.473686 1.340434 1.572837325 
1335094922.35144 0.471585 1.346526 1.537654325 
1335094922.46295 0.473843 1.349954 1.586679325 
1335094922.52291 0.473238 1.355410 1.592095325 
1335094922.62986 0.472606 1.361891 1.545342325 
1335094922.73853 0.473194 1.365742 1.558520325 
1335094922.85845 0.473707 1.370741 1.601101325 
1335094922.95785 0.473778 1.377222 1.544896325 
1335094923.04877 0.473211 1.381286 1.540869325 
1335094923.13643 0.474096 1.387357 1.572474325 
1335094923.23433 0.474777 1.392533 1.539487325 
1335094923.329 0.472483 1.398618 1.506800325 
1335094923.4279 0.473815 1.403241 1.572996325 
1335094923.52268 0.474716 1.407425 1.557765325 
1335094923.61956 0.473973 1.414316 1.529498325 
1335094923.71992 0.474404 1.418515 1.551716325 
1335094923.81767 0.474735 1.424332 1.582095325 
1335094923.91263 0.474860 1.430200 1.540209325 
1335094924.01271 0.474040 1.436029 1.473158325 
1335094924.12011 0.474955 1.440146 1.574565325 
1335094924.22792 0.475384 1.445595 1.528906325 
1335094924.33604 0.474350 1.452511 1.529976325 
1335094924.44832 0.475306 1.455315 1.579612325 
1335094924.55626 0.475902 1.460912 1.561924325 
1335094924.61672 0.475112 1.467496 1.549557325 
1335094924.72398 0.475508 1.471471 1.558572325 
1335094924.83268 0.476756 1.477005 1.610800325 
1335094924.9407 0.476486 1.482941 1.540086325 
1335094925.05094 0.476177 1.489125 1.560683325 
1335094925.15857 0.477472 1.493350 1.558365325 
1335094925.21852 0.477147 1.498474 1.566858325 
1335094925.32524 0.477710 1.505867 1.520084325 
1335094925.43261 0.477569 1.508634 1.569013325 
1335094925.54496 0.477995 1.514343 1.602148325 
1335094925.65294 0.478560 1.520423 1.525026325 
1335094925.71314 0.479191 1.525876 1.531558325 
1335094925.82038 0.478847 1.530504 1.563612325 
1335094925.92911 0.479462 1.535768 1.539309325 
1335094926.03791 0.479507 1.541848 1.526672325 
1335094926.14653 0.479537 1.545976 1.558856325 
1335094926.25521 0.479897 1.550757 1.538764325 
1335094926.31521 0.479478 1.557274 1.542982325 
1335094926.42228 0.480904 1.561987 1.540623325 
1335094926.53431 0.480023 1.566770 1.577654325 
1335094926.64255 0.480086 1.573263 1.537492325 
1335094926.75147 0.481288 1.578401 1.560865325 
1335094926.85923 0.481337 1.583291 1.564680325 
1335094926.91934 0.480468 1.588623 1.551664325 
1335094927.02894 0.481229 1.593594 1.567822325 
1335094927.13731 0.481651 1.598933 1.543075325 
1335094927.24568 0.480723 1.604396 1.572942325 
1335094927.36376 0.481038 1.608848 1.577035325 
1335094927.41564 0.481547 1.615058 1.525649325 
1335094927.51462 0.481768 1.618976 1.601431325 
1335094927.61508 0.481987 1.624254 1.565062325 
1335094927.71287 0.482847 1.629816 1.558154325 
1335094927.82155 0.482362 1.634594 1.568791325 
1335094928.01919 0.481824 1.640345 1.553617325 
1335094928.06849 0.483074 1.645029 1.559536325 
1335094928.11495 0.483434 1.650515 1.581761325 
1335094928.21293 0.483417 1.656294 1.515489325 
1335094928.31799 0.484554 1.662561 1.541233325 
1335094928.4236 0.484731 1.666255 1.547553325 
1335094928.53293 0.486052 1.671313 1.530111325 
1335094928.64706 0.486067 1.677978 1.550267325 
1335094928.75704 0.486721 1.681592 1.575790325 
1335094928.81798 0.486838 1.687373 1.594257325 
1335094928.92171 0.486966 1.693444 1.536556325 
1335094929.02551 0.488245 1.697459 1.568715325 
1335094929.13412 0.487696 1.702603 1.600187325 
1335094929.24267 0.487454 1.707957 1.559714325 
1335094929.34931 0.488581 1.713807 1.566101325 
1335094929.45697 0.488219 1.718427 1.559174325 
1335094929.51722 0.488551 1.723251 1.563039325 
1335094929.62897 0.489136 1.728934 1.578843325 
1335094929.7377 0.488734 1.735006 1.522754325 
1335094929.84617 0.488718 1.738674 1.574158325 
1335094929.95495 0.489578 1.744168 1.572364325 
1335094930.01519 0.489865 1.750371 1.526119325 
1335094930.1225 0.489725 1.754906 1.540479325 
1335094930.23043 0.491457 1.760890 1.540320325 
1335094930.33895 0.491312 1.765929 1.527926325 
1335094930.44675 0.491869 1.770481 1.547622325 
1335094930.5556 0.493056 1.775807 1.553898325 
1335094930.61581 0.492766 1.781186 1.557075325 
1335094930.72374 0.493127 1.785245 1.565151325 
1335094930.83203 0.493839 1.791029 1.562987325 
1335094930.94035 0.494307 1.796374 1.582377325 
1335094931.04885 0.494461 1.800939 1.602601325 
1335094931.15765 0.493738 1.806225 1.564106325 
1335094931.2178 0.494681 1.812172 1.573372325 
1335094931.325 0.493991 1.816916 1.564182325 
1335094931.43338 0.494511 1.822075 1.583988325 
1335094931.54098 0.494731 1.827215 1.578272325 
1335094931.64925 0.495033 1.833520 1.556607325 
1335094931.76406 0.495011 1.837924 1.586239325 
1335094931.82544 0.496084 1.843307 1.584239325 
1335094931.93444 0.496115 1.848912 1.540399325 
1335094932.04338 0.496839 1.853868 1.547243325 
1335094932.1516 0.497685 1.858556 1.588900325 
1335094932.25962 0.497776 1.864357 1.556420325 
1335094932.32049 0.498602 1.869201 1.584605325 
1335094932.42802 0.499304 1.875154 1.543306325 
1335094932.53622 0.499231 1.879985 1.553928325 
1335094932.6455 0.499584 1.884560 1.578223325 
1335094932.76092 0.499757 1.889785 1.561042325 
1335094932.82152 0.499794 1.896044 1.576694325 
1335094932.92934 0.500061 1.899753 1.623041325 
1335094933.04051 0.500151 1.905127 1.611651325 
1335094933.14779 0.499978 1.911165 1.584779325 
1335094933.25673 0.499967 1.916953 1.569206325 
1335094933.3168 0.500497 1.920631 1.592559325 
1335094933.42389 0.501871 1.926504 1.564773325 
1335094933.53207 0.501905 1.932319 1.533149325 
1335094933.63911 0.503454 1.936930 1.544145325 
1335094933.7421 0.503596 1.942463 1.569958325 
1335094933.85524 0.503740 1.947655 1.554879325 
1335094933.91554 0.504763 1.952692 1.583475325 
1335094934.02694 0.504551 1.958593 1.563087325 
1335094934.1349 0.504675 1.963685 1.579029325 
1335094934.24378 0.505048 1.968211 1.579786325 
1335094934.35199 0.505020 1.974172 1.556119325 
1335094934.46 0.505379 1.978694 1.611041325 
1335094934.52024 0.505755 1.982364 1.629845325 
1335094934.62766 0.505885 1.989067 1.586505325 
1335094934.73632 0.506193 1.994693 1.592422325 
1335094934.84905 0.506076 1.998911 1.595047325 
1335094934.95787 0.507207 2.004985 1.598362325 
1335094935.0187 0.507374 2.010670 1.563198325 
1335094935.12625 0.508748 2.015179 1.589885325 
1335094935.23428 0.508969 2.020627 1.601305325 
1335094935.34291 0.508874 2.026063 1.558060325 
1335094935.45127 0.509781 2.030634 1.580784325 
1335094935.55953 0.509243 2.037131 1.559940325 
1335094935.61978 0.509465 2.041195 1.609957325 
1335094935.72733 0.510461 2.045568 1.625299325 
1335094935.83558 0.510249 2.051584 1.553843325 
1335094935.94933 0.510725 2.056115 1.623108325 
1335094936.05808 0.510528 2.061532 1.613829325 
1335094936.11825 0.511636 2.066386 1.587175325 
1335094936.22553 0.511379 2.071474 1.581072325 
1335094936.3334 0.512492 2.076938 1.612014325 
1335094936.44172 0.512379 2.082220 1.601009325 
1335094936.55035 0.513038 2.087228 1.570590325 
1335094936.76421 0.514213 2.092701 1.597626325 
1335094936.81471 0.513777 2.098237 1.577488325 
1335094936.86032 0.514706 2.102346 1.614791325 
1335094936.95809 0.514493 2.108483 1.591408325 
1335094937.05331 0.513890 2.112908 1.618455325 
1335094937.14727 0.514644 2.118244 1.635493325 
1335094937.24155 0.514525 2.123600 1.611969325 
1335094937.33591 0.514872 2.128611 1.616329325 
1335094937.65241 0.514213 2.092701 1.597626325 
1335094937.71519 0.515436 2.139552 1.594818325 
1335094937.76962 0.516135 2.144236 1.585114325 
1335094937.83199 0.517226 2.149401 1.610476325 
1335094937.87978 0.516938 2.155075 1.587557325 
1335094937.94116 0.517114 2.160104 1.597958325 
1335094938.06011 0.518026 2.164444 1.600543325 
1335094938.12085 0.518147 2.170991 1.619633325 
1335094938.22884 0.517829 2.176029 1.619936325 
1335094938.33754 0.518762 2.180255 1.612036325 
1335094938.44678 0.517799 2.186464 1.621035325 
1335094938.55605 0.518498 2.190567 1.653784325 
1335094938.61689 0.519070 2.195553 1.632300325 
1335094938.72515 0.518659 2.201159 1.655952325 
1335094938.83368 0.518824 2.206224 1.623734325 
1335094938.94163 0.519705 2.211937 1.623060325 
1335094939.05622 0.519752 2.217076 1.599838325 
1335094939.11661 0.519993 2.222605 1.613644325 
1335094939.22484 0.520698 2.227835 1.621128325 
1335094939.33401 0.520582 2.232718 1.622610325 
1335094939.44202 0.521004 2.238200 1.641250325 
1335094939.55006 0.521248 2.243986 1.621031325 
1335094939.65912 0.521007 2.248679 1.626353325 
1335094939.71983 0.521541 2.254047 1.644976325 
1335094939.82781 0.520950 2.258840 1.646522325 
1335094939.93648 0.520294 2.264589 1.657335325 
1335094940.04569 0.522014 2.269243 1.652396325 
1335094940.15948 0.521555 2.273208 1.702646325 
1335094940.21946 0.520740 2.279426 1.658639325 
1335094940.33452 0.521981 2.284717 1.646740325 
1335094940.44339 0.521283 2.289338 1.681829325 
1335094940.55116 0.522244 2.294076 1.668172325 
1335094940.66002 0.522378 2.299897 1.670571325 
1335094940.72071 0.521660 2.305266 1.660825325 
1335094940.8289 0.522816 2.310302 1.684267325 
1335094940.93807 0.521927 2.317223 1.653699325 
1335094941.04716 0.522530 2.321713 1.645780325 
1335094941.15959 0.522613 2.326588 1.662227325 
1335094941.22003 0.522453 2.331840 1.643882325 
1335094941.32804 0.522907 2.336647 1.682850325 
1335094941.43684 0.522764 2.341861 1.632215325 
1335094941.54601 0.522617 2.347540 1.676845325 
1335094941.65488 0.522567 2.352362 1.674710325 
1335094941.71536 0.522300 2.356550 1.671951325 
1335094941.82333 0.522480 2.361578 1.703149325 
1335094941.93182 0.521981 2.367081 1.711143325 
1335094942.04068 0.522456 2.372153 1.699128325 
1335094942.15437 0.521635 2.377728 1.704939325 
1335094942.21473 0.521723 2.382323 1.748079325 
1335094942.32249 0.521605 2.387807 1.714741325 
1335094942.43612 0.521399 2.392774 1.694228325 
1335094942.54571 0.521189 2.397887 1.711803325 
1335094942.65472 0.520918 2.403238 1.740914325 
1335094942.71537 0.520579 2.407988 1.749561325 
1335094942.82329 0.520297 2.412853 1.780538325 
1335094942.93166 0.519847 2.418517 1.761687325 
1335094943.04144 0.519041 2.423649 1.755348325 
1335094943.15486 0.519031 2.428490 1.735349325 
1335094943.21528 0.517891 2.433272 1.776125325 
1335094943.32306 0.518039 2.439280 1.784928325 
1335094943.43168 0.516197 2.445056 1.732066325 
1335094943.53914 0.516605 2.449486 1.794617325 
1335094943.6474 0.515242 2.455315 1.743264325 
1335094943.75579 0.514846 2.459758 1.784474325 
1335094943.81582 0.513815 2.465318 1.789552325 
1335094943.92092 0.512390 2.469406 1.793625325 
1335094944.0397 0.512495 2.472694 1.821043325 
1335094944.18137 0.510974 2.475716 1.845732325 
1335094944.24203 0.509839 2.479201 1.879063325 
1335094944.35649 0.509290 2.482256 1.898474325 
1335094944.41725 0.508007 2.483872 1.938984325 
1335094944.52497 0.509538 2.486608 1.713620325 
1335094944.63398 0.512505 2.486945 1.457319325 
1335094944.74209 0.513580 2.487422 1.165473325 
1335094944.85082 0.515812 2.486568 0.906386325 
1335094944.96016 0.522035 2.488158 0.705448325 
1335094945.02121 0.527740 2.491377 0.552231325 
1335094945.12966 0.533055 2.491190 0.418839325 
1335094945.28932 0.536560 2.494063 0.256691325 
1335094945.33647 0.542975 2.495347 0.170898325 
1335094945.43129 0.548122 2.496544 0.150017325 
1335094945.52689 0.551811 2.497115 0.0651283250000001 
1335094945.62244 0.557798 2.497433 0.101028325 
1335094945.71726 0.563281 2.497880 0.0857653250000001 
1335094945.89312 0.567380 2.499553 0.069709325 
1335094945.95335 0.574159 2.500377 0.084387325 
1335094946.06051 0.579345 2.501255 -0.0140846749999999 
1335094946.11983 0.583813 2.501333 0.0479003250000001 
1335094946.23129 0.587893 2.503311 0.0249063250000001 
1335094946.33958 0.594680 2.502814 0.012054325 
1335094946.44781 0.599152 2.504500 0.024065325 
1335094946.55611 0.604066 2.504433 -0.0349896749999998 
1335094946.61619 0.609508 2.504358 0.00999432500000008 
1335094946.7235 0.615121 2.505452 0.010243325 
1335094946.83137 0.620182 2.505958 -0.056869675 
1335094946.93994 0.626171 2.507304 -0.00262367499999994 
1335094947.04912 0.630100 2.507814 0.0130203250000001 
1335094947.19256 0.635837 2.507674 -0.000307674999999952 
1335094947.25117 0.640790 2.509862 0.0320203250000002 
1335094947.38463 0.646080 2.509766 -0.012617675 
1335094947.4313 0.652161 2.509832 -0.00835467499999987 
1335094947.52562 0.657350 2.510103 0.0433383250000001 
1335094947.62062 0.662216 2.511197 -0.014906675 
1335094947.71556 0.667902 2.512668 -0.0087996749999999 
1335094947.81401 0.672840 2.512142 0.000981325000000144 
1335094947.92172 0.677263 2.513142 0.0108473250000001 
1335094948.03036 0.682760 2.514282 -0.00374367499999995 
1335094948.13902 0.687672 2.514604 -0.0221096749999998 
1335094948.24758 0.693333 2.514068 -0.0109586749999999 
1335094948.36151 0.698615 2.515688 0.032524325 
1335094948.42198 0.703784 2.515578 -0.025886675 
1335094948.52996 0.710068 2.516095 -0.0363746749999998 
1335094948.63898 0.714712 2.516019 0.0389363250000001 
1335094948.7483 0.718446 2.518093 -0.00163467499999981 
1335094948.85755 0.726023 2.517884 -0.000307674999999952 
1335094948.9179 0.730177 2.519935 0.0392873250000001 
1335094949.03328 0.734835 2.517944 0.023347325 
1335094949.13551 0.740570 2.518631 0.00588632500000008 
1335094949.24622 0.746286 2.519588 0.0068673250000002 
1335094949.35424 0.751407 2.521319 -0.0495456749999998 
1335094949.41404 0.757356 2.520753 -0.018558675 
1335094949.52482 0.761712 2.520684 -0.0119426749999998 
1335094949.64271 0.766545 2.522513 -0.024852675 
1335094949.74726 0.772094 2.522966 0.0020683250000002 
1335094949.85871 0.776030 2.523825 -0.029241675 
1335094949.96111 0.782957 2.522255 0.00533332500000006 
1335094950.01573 0.787508 2.524485 0.017053325 
1335094950.12265 0.792738 2.524525 -0.010971675 
1335094950.23006 0.798592 2.524926 -0.0193836749999998 
1335094950.33798 0.803809 2.525613 0.0300403250000001 
1335094950.44541 0.808645 2.525809 -0.00966167499999981 
1335094950.55826 0.814867 2.526058 -0.0261926749999999 
1335094950.61822 0.819775 2.526236 0.00687532500000021 
1335094950.72547 0.823721 2.527599 -0.00924167499999995 
1335094950.83281 0.830942 2.527725 -0.000307674999999952 
1335094950.94046 0.835768 2.528613 -0.00376367499999986 
1335094951.04855 0.839791 2.528128 -0.00698267499999994 
1335094951.15679 0.846232 2.527677 -0.00900267499999985 
1335094951.21662 0.850249 2.529677 -0.015600675 
1335094951.32335 0.855800 2.529938 -0.043870675 
1335094951.43061 0.862052 2.530205 -0.0241176749999998 
1335094951.54266 0.866317 2.530123 -0.00670567499999986 
1335094951.61463 0.871958 2.530408 -0.0495456749999998 
1335094951.76999 0.878658 2.530680 -0.0321466749999999 
1335094951.83171 0.882525 2.530896 -0.024088675 
1335094951.9397 0.887332 2.532843 -0.000648674999999876 
1335094952.04802 0.894042 2.533344 -0.00366767499999998 
1335094952.15675 0.898224 2.534185 0.00632232500000018 
1335094952.24106 0.902948 2.533586 -0.0121906749999998 
1335094952.34496 0.908966 2.534072 -0.0094716749999999 
1335094952.45685 0.914161 2.534872 0.00325532500000003 
1335094952.5169 0.918995 2.535455 -0.031986675 
1335094952.628 0.925160 2.534866 -0.0270676749999998 
1335094952.73669 0.930087 2.535753 -0.0199396749999998 
1335094952.84492 0.935190 2.536163 -0.0357806749999998 
1335094952.95335 0.941590 2.537008 -0.0218976749999999 
1335094953.01428 0.945557 2.536291 -0.0476146749999999 
1335094953.12161 0.950627 2.538011 0.000471325000000133 
1335094953.22939 0.956946 2.538109 -0.015986675 
1335094953.33714 0.961009 2.539478 0.017223325 
1335094953.42003 0.966270 2.538295 -0.00575467499999993 
1335094953.53174 0.972936 2.537121 -0.0097616749999998 
1335094953.64811 0.977025 2.539650 0.0204953250000002 
1335094953.75731 0.982191 2.540011 -0.025368675 
1335094953.81775 0.988278 2.538860 -0.0138716749999999 
1335094954.00132 0.993803 2.540213 0.00381632500000006 
1335094954.05176 0.998054 2.540215 -0.042782675 
1335094954.14631 1.004830 2.540630 -0.0319116749999999 
1335094954.24101 1.008906 2.540752 -0.026264675 
1335094954.33561 1.013790 2.541533 -0.0261666749999998 
1335094954.42988 1.020678 2.541910 -0.00103467499999987 
1335094954.52375 1.024080 2.542388 -0.039114675 
1335094954.62263 1.029096 2.542646 0.000471325000000133 
1335094954.71635 1.036031 2.542596 0.00966832500000003 
1335094954.81437 1.040681 2.543311 -0.0308376749999999 
1335094954.92316 1.045209 2.544161 -0.0420906749999999 
1335094955.03316 1.051449 2.542896 0.00188032500000013 
1335094955.1434 1.056196 2.544378 -0.014555675 
1335094955.25243 1.061193 2.544449 -0.019092675 
1335094955.31435 1.067012 2.544039 -0.00983367499999988 
1335094955.42187 1.072696 2.545240 -0.019953675 
1335094955.53055 1.076733 2.545027 -0.067282675 
1335094955.64436 1.083346 2.545593 -0.0363746749999998 
1335094955.75344 1.088555 2.544715 -0.00966967499999982 
1335094955.81427 1.092421 2.545762 -0.0137726749999998 
1335094955.92046 1.098392 2.545903 -0.0318666749999998 
1335094956.0167 1.104687 2.546257 -0.0211776749999999 
1335094956.13212 1.108479 2.546357 -0.0513326749999998 
1335094956.24242 1.114242 2.546789 0.00503432500000001 
1335094956.35184 1.120440 2.547137 -0.034202675 
1335094956.46022 1.124290 2.547609 -0.0507816749999999 
1335094956.52241 1.130178 2.546894 -0.000648674999999876 
1335094956.63535 1.136270 2.547448 -0.020766675 
1335094956.75048 1.140322 2.547853 -0.0458466749999999 
1335094956.81465 1.145550 2.548336 -0.0325406749999999 
1335094956.92177 1.152284 2.549330 -0.010312675 
1335094957.02295 1.157197 2.545225 -0.122076675 
1335094957.12003 1.161240 2.548817 -0.026142675 
1335094957.21579 1.167659 2.549344 -0.0328196749999998 
1335094957.31449 1.171748 2.548921 -0.00812967499999995 
1335094957.41451 1.176486 2.550253 -0.0316936749999999 
1335094957.57363 1.183332 2.550465 -0.0359846749999999 
1335094957.62065 1.188760 2.549774 -0.0239576749999999 
1335094957.7182 1.192226 2.549822 -0.042782675 
1335094957.81455 1.199033 2.550512 -0.0261926749999999 
1335094957.92206 1.204181 2.549194 -0.00718267499999992 
1335094958.03099 1.208241 2.550581 -0.020245675 
1335094958.14018 1.214460 2.550112 -0.0261926749999999 
1335094958.24862 1.220688 2.549026 -0.0263816749999999 
1335094958.35768 1.224031 2.550477 -0.0383656749999999 
1335094958.41821 1.230350 2.551020 -0.0068196749999998 
1335094958.52621 1.236860 2.551587 -0.0199386749999999 
1335094958.63429 1.240203 2.551849 -0.0686416749999998 
1335094958.7176 1.246066 2.550671 -0.0199046749999998 
1335094958.8286 1.252373 2.551449 -0.0249696749999999 
1335094958.93628 1.255947 2.551860 -0.0569796749999998 
1335094959.04656 1.261487 2.551078 -0.021403675 
1335094959.15155 1.268032 2.551502 -0.012531675 
1335094959.25744 1.271173 2.552479 -0.0659016749999999 
1335094959.35213 1.276982 2.551366 -0.0241716749999998 
1335094959.44664 1.283397 2.551230 -0.012531675 
1335094959.5417 1.287222 2.552401 -0.0691156749999999 
1335094959.63786 1.293009 2.551456 -0.040383675 
1335094959.73313 1.298747 2.552063 0.000284325000000196 
1335094959.83241 1.303494 2.552186 -0.0622166749999999 
1335094959.92731 1.308649 2.552415 -0.0511276749999998 
1335094960.02189 1.314348 2.551919 -0.0257526749999999 
1335094960.11712 1.320333 2.551996 -0.0479736749999999 
1335094960.21463 1.324127 2.552568 -0.056075675 
1335094960.31471 1.330290 2.552500 -0.0382056749999999 
1335094960.42205 1.336199 2.552240 -0.0433676749999998 
1335094960.52986 1.339461 2.552401 -0.056075675 
1335094960.63814 1.345562 2.553666 -0.0358846749999999 
1335094960.74734 1.351772 2.552302 -0.034032675 
1335094960.86019 1.355417 2.552518 -0.0552266749999999 
1335094960.92041 1.360941 2.553271 -0.033662675 
1335094961.02953 1.367680 2.553398 -0.023924675 
1335094961.13796 1.371397 2.552570 -0.0436366749999999 
1335094961.24635 1.376968 2.552899 -0.0479386749999999 
1335094961.35459 1.383480 2.553419 -0.0245716749999998 
1335094961.41498 1.387264 2.554067 -0.0373396749999999 
1335094961.52206 1.392771 2.552019 -0.0686956749999998 
1335094961.62972 1.398704 2.554282 -0.0290246749999998 
1335094961.73813 1.403937 2.553678 -0.0575726749999999 
1335094961.85079 1.407984 2.552898 -0.064850675 
1335094961.92527 1.414480 2.553790 -0.0342046749999998 
1335094962.05018 1.419814 2.553528 -0.0409736749999998 
1335094962.13793 1.423300 2.552888 -0.064850675 
1335094962.23559 1.429827 2.553322 -0.0358846749999999 
1335094962.32941 1.435374 2.554397 -0.0375266749999998 
1335094962.42362 1.438618 2.552907 -0.064850675 
1335094962.51796 1.445000 2.554026 -0.0425286749999998 
1335094962.61481 1.451633 2.554548 -0.0268786749999999 
1335094962.73915 1.454985 2.553700 -0.0544416749999999 
1335094962.87408 1.461416 2.553102 -0.059457675 
1335094962.92425 1.467611 2.554292 -0.0303656749999999 
1335094963.0187 1.470383 2.553108 -0.0473286749999999 
1335094963.11478 1.476917 2.553444 -0.0656886749999999 
1335094963.21481 1.482890 2.554237 -0.0403476749999998 
1335094963.31483 1.486795 2.553336 -0.0794806749999999 
1335094963.42264 1.492210 2.552935 -0.0658906749999999 
1335094963.53113 1.498455 2.553946 -0.0227426749999999 
1335094963.63937 1.503653 2.552943 -0.0503306749999999 
1335094963.74825 1.507585 2.552819 -0.0636366749999999 
1335094963.85674 1.514013 2.553571 -0.0317556749999999 
1335094963.91797 1.519352 2.554235 -0.0401736749999999 
1335094964.03273 1.523029 2.552608 -0.0686956749999998 
1335094964.14029 1.529363 2.553760 -0.0317556749999999 
1335094964.24971 1.536165 2.553158 -0.0201606749999999 
1335094964.35856 1.538700 2.552843 -0.056075675 
1335094964.4187 1.545326 2.553191 -0.0387196749999998 
1335094964.52638 1.551792 2.553353 -0.0124596749999999 
1335094964.63441 1.554028 2.553051 -0.0547086749999999 
1335094964.7428 1.561127 2.552973 -0.0425996749999999 
1335094964.8511 1.567765 2.553443 -0.014550675 
1335094964.95352 1.570220 2.554504 -0.0828836749999999 
1335094965.06221 1.576635 2.552702 -0.0500826749999999 
1335094965.12301 1.583273 2.552308 -0.0388646749999999 
1335094965.32169 1.586707 2.552237 -0.091611675 
1335094965.36804 1.592219 2.552515 -0.0463856749999998 
1335094965.46193 1.598749 2.552531 -0.035716675 
1335094965.55604 1.602242 2.551988 -0.094348675 
1335094965.6507 1.607540 2.552487 -0.0437916749999998 
1335094965.74523 1.614120 2.551392 -0.0233426749999999 
1335094965.83959 1.619508 2.551689 -0.0587166749999999 
1335094965.93384 1.623313 2.551055 -0.028793675 
1335094966.03289 1.630051 2.551466 -0.0341736749999999 
1335094966.1272 1.636096 2.550852 -0.0455316749999999 
1335094966.22181 1.639959 2.549645 -0.0816636749999999 
1335094966.31643 1.644862 2.550594 -0.0338556749999999 
1335094966.41497 1.651621 2.550540 -0.040928675 
1335094966.51501 1.655075 2.549680 -0.0439736749999999 
1335094966.62345 1.660330 2.550101 -0.0316916749999998 
1335094966.79873 1.666675 2.550364 -0.055206675 
1335094966.84927 1.670564 2.549884 -0.0922446749999999 
1335094966.94346 1.676459 2.549491 -0.0622966749999998 
1335094967.04248 1.682790 2.549195 -0.0358816749999999 
1335094967.13696 1.686183 2.549624 -0.112850675 
1335094967.23131 1.691898 2.548376 -0.049924675 
1335094967.3257 1.698774 2.548885 -0.0345366749999998 
1335094967.41997 1.702135 2.548301 -0.105690675 
1335094967.51499 1.707751 2.547857 -0.0625336749999998 
1335094967.61511 1.714806 2.548139 -0.0441236749999998 
1335094967.72358 1.718718 2.547115 -0.071576675 
1335094967.86295 1.723568 2.547632 -0.038747675 
1335094967.93059 1.730112 2.547826 -0.035716675 
1335094968.04599 1.735377 2.546238 -0.0986256749999999 
1335094968.15214 1.739326 2.546260 -0.0503846749999999 
1335094968.26047 1.745019 2.546376 -0.0239416749999999 
1335094968.32171 1.750988 2.546030 -0.0940096749999999 
1335094968.42928 1.755309 2.545407 -0.0627646749999999 
1335094968.63482 1.760542 2.545875 -0.0247456749999999 
1335094968.74473 1.766920 2.545670 -0.0777516749999998 
1335094968.7987 1.770741 2.545035 -0.0652496749999998 
1335094968.8523 1.776355 2.545997 -0.0170076749999999 
1335094968.96041 1.782784 2.546052 -0.0687146749999998 
1335094969.02758 1.786165 2.543552 -0.0781456749999998 
1335094969.1668 1.792448 2.544575 -0.0278936749999998 
1335094969.22588 1.798696 2.545682 -0.0565036749999999 
1335094969.33389 1.801933 2.542884 -0.0569056749999999 
1335094969.44276 1.808716 2.543416 -0.0524936749999998 
1335094969.55037 1.815547 2.544267 -0.0229616749999999 
1335094969.65902 1.817861 2.542588 -0.0515826749999999 
1335094969.71982 1.824374 2.542766 -0.0377756749999998 
1335094969.82774 1.830573 2.542112 -0.059900675 
1335094969.93302 1.833883 2.541485 -0.0819746749999999 
1335094970.03715 1.839766 2.542271 -0.0394536749999999 
1335094970.15558 1.845834 2.541306 -0.0525436749999999 
1335094970.21581 1.849721 2.540399 -0.0570086749999998 
1335094970.41287 1.854776 2.541365 -0.011999675 
1335094970.46221 1.861982 2.541423 -0.037465675 
1335094970.52251 1.866719 2.540983 -0.128693675 
1335094970.63054 1.871430 2.538430 -0.0543396749999998 
1335094970.7406 1.877875 2.540514 -0.0383666749999998 
1335094970.84895 1.880854 2.538751 -0.0833666749999999 
1335094970.95764 1.887325 2.539002 -0.052140675 
1335094971.01912 1.894049 2.538394 -0.052569675 
1335094971.16586 1.897403 2.536854 -0.091822675 
1335094971.22628 1.902668 2.537873 -0.0218546749999999 
1335094971.3345 1.909372 2.537623 -0.059900675 
1335094971.44266 1.913197 2.535848 -0.0907956749999999 
1335094971.54947 1.918048 2.537462 -0.0185296749999999 
1335094971.65823 1.924321 2.536617 -0.0691136749999999 
1335094971.71869 1.928912 2.535907 -0.0893226749999998 
1335094971.82659 1.933964 2.536383 -0.028434675 
1335094971.93462 1.939888 2.537023 -0.082553675 
1335094972.04334 1.944205 2.535016 -0.096267675 
1335094972.15252 1.950398 2.534476 -0.0387166749999999 
1335094972.2644 1.955977 2.533202 -0.0788956749999998 
1335094972.32519 1.960190 2.532336 -0.067117675 
1335094972.43283 1.966086 2.533334 -0.026839675 
1335094972.54013 1.972482 2.532379 -0.054793675 
1335094972.64788 1.975874 2.532078 -0.0646686749999998 
1335094972.75672 1.982107 2.532883 -0.016590675 
1335094972.81746 1.987458 2.531534 -0.0892276749999998 
1335094972.92468 1.992059 2.530984 -0.0977516749999998 
1335094973.0336 1.997348 2.532382 -0.023999675 
1335094973.1416 2.003528 2.531924 -0.100493675 
1335094973.2546 2.006467 2.529135 -0.0508056749999999 
1335094973.36228 2.013827 2.530272 -0.0420156749999998 
1335094973.42302 2.018858 2.529084 -0.0999966749999999 
1335094973.53065 2.022931 2.528142 -0.0278146749999999 
1335094973.6391 2.029871 2.528601 -0.0401926749999999 
1335094973.74368 2.034832 2.527675 -0.104800675 
1335094973.85233 2.038631 2.528676 -0.015146675 
1335094973.96062 2.045700 2.527311 -0.0183056749999999 
1335094974.02094 2.050865 2.526708 -0.134476675 
1335094974.1282 2.054797 2.526131 -0.0311316749999999 
1335094974.2366 2.061278 2.527735 -0.043719675 
1335094974.34963 2.066303 2.526322 -0.147980675 
1335094974.45836 2.070884 2.525149 -0.0387166749999999 
1335094974.51855 2.077706 2.525107 -0.0489426749999999 
1335094974.62563 2.080568 2.523828 -0.0481356749999999 
1335094974.73345 2.087042 2.524261 -0.0216286749999999 
1335094974.84095 2.093719 2.523365 -0.0437476749999999 
1335094974.94827 2.095941 2.523772 -0.0251166749999998 
1335094975.05676 2.102727 2.523212 -0.0119036749999999 
1335094975.11698 2.109089 2.522326 -0.0850466749999998 
1335094975.3055 2.113168 2.523190 -0.0640916749999998 
1335094975.35163 2.118963 2.523012 -0.0178976749999999 
1335094975.44574 2.124769 2.522457 -0.109061675 
1335094975.54063 2.127962 2.520692 -0.0387166749999999 
1335094975.67634 2.135419 2.520852 -0.029319675 
1335094975.80544 2.140383 2.518647 -0.113838675 
1335094975.85178 2.144526 2.520421 -0.0148646749999999 
1335094975.94559 2.151589 2.519349 -0.0244276749999999 
1335094976.04006 2.155621 2.518847 -0.0971606749999998 
1335094976.15258 2.160525 2.519462 -0.0227656749999998 
1335094976.31808 2.166756 2.517917 -0.078186675 
1335094976.36619 2.170125 2.518749 -0.0566566749999999 
1335094976.42608 2.176907 2.516894 -0.0315126749999999 
1335094976.53441 2.182421 2.516690 -0.105150675 
1335094976.64177 2.185835 2.514772 -0.038458675 
1335094976.7515 2.193505 2.515377 -0.0337036749999999 
1335094976.85993 2.198517 2.514704 -0.104694675 
1335094976.91953 2.202323 2.514724 -0.0138416749999999 
1335094977.02803 2.209263 2.514051 -0.031689675 
1335094977.13555 2.213558 2.516124 -0.105076675 
1335094977.24352 2.217964 2.513489 -0.0178976749999999 
1335094977.35539 2.225702 2.513848 -0.0501706749999999 
1335094977.41547 2.228258 2.512771 -0.0649516749999999 
1335094977.60091 2.235125 2.512456 -0.030218675 
1335094977.64764 2.240945 2.510253 -0.119006675 
1335094977.74221 2.244164 2.510978 -0.0100176749999998 
1335094977.8368 2.251609 2.510515 -0.0358416749999999 
1335094977.93046 2.255878 2.510807 -0.0749516749999999 
1335094978.02308 2.260581 2.510591 -0.0168946749999999 
1335094978.12207 2.267840 2.509124 -0.0401466749999999 
1335094978.2187 2.270513 2.509448 -0.0427496749999998 
1335094978.31563 2.276739 2.508706 -0.0232246749999998 
1335094978.41596 2.283353 2.509232 -0.0782666749999998 
1335094978.51567 2.285949 2.507363 -0.0347466749999998 
1335094978.63253 2.293863 2.506432 -0.0413176749999999 
1335094978.72737 2.298276 2.507184 -0.050118675 
1335094978.8242 2.302964 2.507562 -0.024817675 
1335094978.93603 2.310400 2.505581 -0.0251786749999998 
1335094979.04155 2.312510 2.506115 -0.0146646749999999 
1335094979.14764 2.319145 2.505708 -0.0191126749999999 
1335094979.25303 2.325377 2.506281 -0.0787296749999999 
1335094979.31775 2.328405 2.504384 -0.0191296749999998 
1335094979.42971 2.336586 2.505078 -0.0364866749999999 
1335094979.53447 2.339317 2.502257 0.00124332500000013 
1335094979.82515 2.345398 2.503454 -0.0322096749999998 
1335094979.87177 2.351731 2.502362 -0.0185896749999999 
1335094979.93212 2.354557 2.501986 -0.00698367499999986 
1335094979.97808 2.362052 2.501465 -0.021592675 
1335094980.03834 2.367153 2.502336 -0.037646675 
1335094980.14628 2.370591 2.501625 -0.0191126749999999 
1335094980.25148 2.379351 2.501158 -0.0219416749999999 
1335094980.3599 2.381417 2.500774 -0.0379146749999999 
1335094980.4203 2.388485 2.500280 -0.043511675 
1335094980.53184 2.393343 2.499481 -0.0725356749999999 
1335094980.64035 2.397592 2.498225 -0.0111966749999999 
1335094980.74859 2.404697 2.497616 -0.0137466749999999 
1335094980.85767 2.407138 2.498472 0.0159983250000002 
1335094980.91792 2.414519 2.497228 -0.00224867499999992 
1335094981.02661 2.420080 2.498283 0.036562325 
1335094981.13512 2.423527 2.496947 0.00647832500000001 
1335094981.24291 2.431159 2.498200 -0.00881467499999999 
1335094981.34918 2.433764 2.497311 0.0321823250000002 
1335094981.45771 2.440327 2.497365 -0.0232246749999998 
1335094981.51832 2.445597 2.498143 0.0557023250000002 
1335094981.62988 2.451003 2.495877 0.0140993250000001 
1335094981.73822 2.457342 2.496627 0.019787325 
1335094981.84655 2.460364 2.495906 0.0364953250000002 
1335094981.95507 2.465882 2.497139 0.0240753250000001 
1335094982.01574 2.468997 2.495521 0.0345823250000001 
1335094982.34854 2.473619 2.496547 0.0554603250000001 
1335094982.40294 2.476608 2.495108 0.017255325 
1335094982.45473 2.479910 2.495469 0.0926723250000001 
1335094982.51538 2.482119 2.496461 0.105513325 
1335094982.56152 2.484897 2.496295 0.0638463250000001 
1335094982.62163 2.484897 2.496295 0.0638463250000001 
1335094982.73313 2.484897 2.496295 0.0638463250000001 
1335094982.84075 2.484897 2.496295 0.0638463250000001 
1335094982.94929 2.484897 2.496295 0.0638463250000001 
1335094983.05856 2.484897 2.496295 0.0638463250000001 
1335094983.1183 2.484897 2.496295 0.0638463250000001 
1335094983.22575 2.484897 2.496295 0.0638463250000001 
1335094983.33397 2.484897 2.496295 0.0638463250000001 
1335094983.44141 2.484897 2.496295 0.0638463250000001 
1335094983.54966 2.484897 2.496295 0.0638463250000001 
1335094983.65798 2.484897 2.496295 0.0638463250000001 
1335094983.71814 2.484897 2.496295 0.0638463250000001 
1335094983.82933 2.484897 2.496295 0.0638463250000001 
1335094983.93648 2.484897 2.496295 0.0638463250000001 
1335094984.0436 2.484897 2.496295 0.0638463250000001 
1335094984.14946 2.484897 2.496295 0.0638463250000001 
1335094984.25766 2.484897 2.496295 0.0638463250000001 
1335094984.31767 2.484897 2.496295 0.0638463250000001 
1335094984.42456 2.484897 2.496295 0.0638463250000001 
1335094984.53205 2.484897 2.496295 0.0638463250000001 
1335094984.64007 2.484897 2.496295 0.0638463250000001 
1335094984.74737 2.484897 2.496295 0.0638463250000001 
1335094984.85959 2.484897 2.496295 0.0638463250000001 
1335094984.91929 2.484897 2.496295 0.0638463250000001 
1335094985.02709 2.484897 2.496295 0.0638463250000001 
1335094985.13641 2.484897 2.496295 0.0638463250000001 
1335094985.24659 2.484897 2.496295 0.0638463250000001 
1335094985.35195 2.484897 2.496295 0.0638463250000001 
1335094985.4596 2.484897 2.496295 0.0638463250000001 
1335094985.51922 2.484897 2.496295 0.0638463250000001 
1335094985.62561 2.484897 2.496295 0.0638463250000001 
1335094985.7328 2.484897 2.496295 0.0638463250000001 
1335094985.84434 2.484897 2.496295 0.0638463250000001 
1335094985.95202 2.484897 2.496295 0.0638463250000001 
1335094986.05976 2.484897 2.496295 0.0638463250000001 
1335094986.11936 2.484897 2.496295 0.0638463250000001 
1335094986.2258 2.484897 2.496295 0.0638463250000001 
1335094986.33277 2.484897 2.496295 0.0638463250000001 
1335094986.44018 2.484897 2.496295 0.0638463250000001 
1335094986.54782 2.484897 2.496295 0.0638463250000001 
1335094986.65549 2.484897 2.496295 0.0638463250000001 
1335094986.76271 2.484897 2.496295 0.0638463250000001 
1335094986.82272 2.484897 2.496295 0.0638463250000001 
1335094986.93314 2.484897 2.496295 0.0638463250000001 
1335094987.04159 2.484897 2.496295 0.0638463250000001 
1335094987.14855 2.484897 2.496295 0.0638463250000001 
1335094987.25618 2.484897 2.496295 0.0638463250000001 
1335094987.31603 2.484897 2.496295 0.0638463250000001 
1335094987.42222 2.484897 2.496295 0.0638463250000001 
1335094987.52911 2.484897 2.496295 0.0638463250000001 
1335094987.63632 2.484897 2.496295 0.0638463250000001 
1335094987.74387 2.484897 2.496295 0.0638463250000001 
1335094987.85139 2.484897 2.496295 0.0638463250000001 
1335094987.9633 2.484897 2.496295 0.0638463250000001 
1335094988.02314 2.484897 2.496295 0.0638463250000001 
1335094988.12982 2.484897 2.496295 0.0638463250000001 
1335094988.23721 2.484897 2.496295 0.0638463250000001 
1335094988.3466 2.484897 2.496295 0.0638463250000001 
1335094988.45331 2.484897 2.496295 0.0638463250000001 
1335094988.56108 2.484897 2.496295 0.0638463250000001 
1335094988.62076 2.484897 2.496295 0.0638463250000001 
1335094988.72753 2.484897 2.496295 0.0638463250000001 
1335094988.83493 2.484897 2.496295 0.0638463250000001 
1335094988.94667 2.484897 2.496295 0.0638463250000001 
1335094989.05552 2.484897 2.496295 0.0638463250000001 
1335094989.16296 2.484897 2.496295 0.0638463250000001 
1335094989.22292 2.484897 2.496295 0.0638463250000001 
1335094989.32952 2.484897 2.496295 0.0638463250000001 
1335094989.43683 2.484897 2.496295 0.0638463250000001 
1335094989.54448 2.484897 2.496295 0.0638463250000001 
1335094989.65215 2.484897 2.496295 0.0638463250000001 
1335094989.76019 2.484897 2.496295 0.0638463250000001 
1335094989.81974 2.484897 2.496295 0.0638463250000001 
1335094989.92638 2.484897 2.496295 0.0638463250000001 
1335094990.03767 2.484897 2.496295 0.0638463250000001 
1335094990.14558 2.484897 2.496295 0.0638463250000001 
1335094990.25337 2.484897 2.496295 0.0638463250000001 
1335094990.36107 2.484897 2.496295 0.0638463250000001 
1335094990.42066 2.484897 2.496295 0.0638463250000001 
1335094990.52739 2.484897 2.496295 0.0638463250000001 
1335094990.6347 2.484897 2.496295 0.0638463250000001 
1335094990.74213 2.484897 2.496295 0.0638463250000001 
1335094990.84994 2.484897 2.496295 0.0638463250000001 
1335094990.9573 2.484897 2.496295 0.0638463250000001 
1335094991.01829 2.484897 2.496295 0.0638463250000001 
1335094991.12946 2.484897 2.496295 0.0638463250000001 
1335094991.23684 2.484897 2.496295 0.0638463250000001 
1335094991.34367 2.484897 2.496295 0.0638463250000001 
1335094991.45155 2.484897 2.496295 0.0638463250000001 
1335094991.55957 2.484897 2.496295 0.0638463250000001 
1335094991.61924 2.484897 2.496295 0.0638463250000001 
1335094991.726 2.484897 2.496295 0.0638463250000001 
1335094991.83348 2.484897 2.496295 0.0638463250000001 
1335094991.94152 2.484897 2.496295 0.0638463250000001 
1335094992.04873 2.484897 2.496295 0.0638463250000001 
1335094992.16085 2.484897 2.496295 0.0638463250000001 
1335094992.22058 2.484897 2.496295 0.0638463250000001 
1335094992.32716 2.484897 2.496295 0.0638463250000001 
1335094992.43447 2.484897 2.496295 0.0638463250000001 
1335094992.54057 2.484897 2.496295 0.0638463250000001 
1335094992.6485 2.484897 2.496295 0.0638463250000001 
1335094992.75643 2.484897 2.496295 0.0638463250000001 
1335094992.81642 2.484897 2.496295 0.0638463250000001 
1335094992.92298 2.484897 2.496295 0.0638463250000001 
1335094993.03174 2.484897 2.496295 0.0638463250000001 
1335094993.14366 2.484897 2.496295 0.0638463250000001 
1335094993.25179 2.484897 2.496295 0.0638463250000001 
1335094993.35993 2.484897 2.496295 0.0638463250000001 
1335094993.41948 2.484897 2.496295 0.0638463250000001 
1335094993.52607 2.484897 2.496295 0.0638463250000001 
1335094993.6335 2.484897 2.496295 0.0638463250000001 
1335094993.74134 2.484897 2.496295 0.0638463250000001 
1335094993.84947 2.484897 2.496295 0.0638463250000001 
1335094993.96113 2.484897 2.496295 0.0638463250000001 
1335094994.02079 2.484897 2.496295 0.0638463250000001 
1335094994.12737 2.484897 2.496295 0.0638463250000001 
1335094994.23882 2.484897 2.496295 0.0638463250000001 
1335094994.34674 2.484897 2.496295 0.0638463250000001 
1335094994.45395 2.484897 2.496295 0.0638463250000001 
1335094994.56153 2.484897 2.496295 0.0638463250000001 
1335094994.62121 2.484897 2.496295 0.0638463250000001 
1335094994.72806 2.484897 2.496295 0.0638463250000001 
1335094994.83556 2.484897 2.496295 0.0638463250000001 
1335094994.94225 2.484897 2.496295 0.0638463250000001 
1335094995.05107 2.484897 2.496295 0.0638463250000001 
1335094995.15916 2.484897 2.496295 0.0638463250000001 
1335094995.21884 2.484897 2.496295 0.0638463250000001 
1335094995.32981 2.484897 2.496295 0.0638463250000001 
1335094995.43751 2.484897 2.496295 0.0638463250000001 
1335094995.54511 2.484897 2.496295 0.0638463250000001 
1335094995.65291 2.484897 2.496295 0.0638463250000001 
1335094995.76109 2.484897 2.496295 0.0638463250000001 
1335094995.82068 2.484897 2.496295 0.0638463250000001 
1335094995.92767 2.484897 2.496295 0.0638463250000001 
1335094996.03843 2.484897 2.496295 0.0638463250000001 
1335094996.14654 2.484897 2.496295 0.0638463250000001 
1335094996.25363 2.484897 2.496295 0.0638463250000001 
1335094996.36427 2.484897 2.496295 0.0638463250000001 
1335094996.42436 2.484897 2.496295 0.0638463250000001 
1335094996.53121 2.484897 2.496295 0.0638463250000001 
1335094996.63904 2.484897 2.496295 0.0638463250000001 
1335094996.74723 2.484897 2.496295 0.0638463250000001 
1335094996.85513 2.484897 2.496295 0.0638463250000001 
1335094996.96263 2.484897 2.496295 0.0638463250000001 
1335094997.02331 2.484897 2.496295 0.0638463250000001 
1335094997.13031 2.484897 2.496295 0.0638463250000001 
1335094997.23856 2.484897 2.496295 0.0638463250000001 
1335094997.35109 2.484897 2.496295 0.0638463250000001 
1335094997.45945 2.484897 2.496295 0.0638463250000001 
1335094997.51917 2.484897 2.496295 0.0638463250000001 
1335094998.07126 2.484897 2.496295 0.0638463250000001 
1335094998.12444 2.484897 2.496295 0.0638463250000001 
1335094998.17451 2.484897 2.496295 0.0638463250000001 
1335094998.22239 2.484897 2.496295 0.0638463250000001 
1335094998.26947 2.484897 2.496295 0.0638463250000001 
1335094998.31835 2.484897 2.496295 0.0638463250000001 
1335094998.36689 2.484897 2.496295 0.0638463250000001 
1335094998.41382 2.484897 2.496295 0.0638463250000001 
1335094998.46229 2.484897 2.496295 0.0638463250000001 
1335094998.61223 2.484897 2.496295 0.0638463250000001 
1335094998.65886 2.484897 2.496295 0.0638463250000001 
1335094998.75351 2.484897 2.496295 0.0638463250000001 
1335094998.84934 2.484897 2.496295 0.0638463250000001 
1335094998.94439 2.484897 2.496295 0.0638463250000001 
1335094999.04022 2.484897 2.496295 0.0638463250000001 
1335094999.35652 2.484897 2.496295 0.0638463250000001 
1335094999.42214 2.484897 2.496295 0.0638463250000001 
1335094999.47831 2.484897 2.496295 0.0638463250000001 
1335094999.54164 2.484897 2.496295 0.0638463250000001 
1335094999.59378 2.484897 2.496295 0.0638463250000001 
1335094999.65083 2.484897 2.496295 0.0638463250000001 
1335094999.78526 2.484897 2.496295 0.0638463250000001 
1335094999.84598 2.484897 2.496295 0.0638463250000001 
1335094999.95506 2.484897 2.496295 0.0638463250000001 
1335095000.12334 2.484897 2.496295 0.0638463250000001 
1335095000.16923 2.484897 2.496295 0.0638463250000001 
1335095000.22944 2.484897 2.496295 0.0638463250000001 
1335095000.33715 2.484897 2.496295 0.0638463250000001 
