1335111569.27161 0.691752 1.572323 -1.534148675 
1335111569.37713 0.691969 1.571762 -1.539822675 
1335111569.44065 0.692153 1.571917 -1.544852675 
1335111569.56368 0.691684 1.571931 -1.547252675 
1335111569.68297 0.691101 1.572220 -1.533662675 
1335111569.72767 0.692127 1.571713 -1.538065675 
1335111569.85104 0.691525 1.571900 -1.545016675 
1335111569.94739 0.691255 1.572128 -1.536976675 
1335111570.05315 0.690810 1.572242 -1.518446675 
1335111570.15457 0.691573 1.572231 -1.537063675 
1335111570.25363 0.691817 1.572054 -1.543206675 
1335111570.34527 0.691915 1.572122 -1.537781675 
1335111570.44389 0.691499 1.571696 -1.538095675 
1335111570.53957 0.690707 1.569931 -1.566526675 
1335111570.63503 0.690137 1.565761 -1.601444975 
1335111570.73055 0.691071 1.559939 -1.650120975 
1335111570.82681 0.689593 1.554110 -1.702418975 
1335111570.92686 0.688866 1.548895 -1.745040975 
1335111571.03727 0.686910 1.543361 -1.798496975 
1335111571.15007 0.685176 1.539307 -1.791295975 
1335111571.25875 0.682857 1.535459 -1.785980975 
1335111571.36712 0.682901 1.528802 -1.824028975 
1335111571.42708 0.681337 1.522933 -1.860907975 
1335111571.53467 0.679636 1.518195 -1.866485975 
1335111571.64268 0.677108 1.514312 -1.858610975 
1335111571.75095 0.675884 1.508200 -1.866891975 
1335111571.85866 0.674747 1.502682 -1.892443975 
1335111571.96722 0.672535 1.499243 -1.856678975 
1335111572.02723 0.670523 1.493633 -1.865948975 
1335111572.13907 0.668545 1.488132 -1.896314975 
1335111572.24689 0.667605 1.484163 -1.863527975 
1335111572.35402 0.666402 1.478133 -1.864284975 
1335111572.46159 0.664977 1.472635 -1.902173975 
1335111572.57033 0.662157 1.468086 -1.927551975 
1335111572.63013 0.659985 1.463545 -1.866847975 
1335111572.73774 0.658577 1.457466 -1.907421975 
1335111572.84578 0.657004 1.451782 -1.935252975 
1335111572.95413 0.655250 1.448231 -1.878018975 
1335111573.06371 0.653475 1.443044 -1.899050975 
1335111573.17636 0.651937 1.438047 -1.912831975 
1335111573.23655 0.650345 1.433391 -1.867799975 
1335111573.34417 0.649000 1.428082 -1.904758975 
1335111573.45295 0.646038 1.422656 -1.917113975 
1335111573.56029 0.643788 1.418731 -1.879834975 
1335111573.6683 0.642260 1.413134 -1.918348975 
1335111573.72814 0.641177 1.407336 -1.954790975 
1335111573.83524 0.639833 1.403156 -1.902757975 
1335111573.94359 0.637658 1.399056 -1.910022975 
1335111574.05185 0.635555 1.393052 -1.943229975 
1335111574.16056 0.633986 1.388761 -1.872425975 
1335111574.27331 0.632159 1.383604 -1.910951975 
1335111574.33331 0.629394 1.377186 -1.922162975 
1335111574.44041 0.627615 1.373219 -1.881213975 
1335111574.5489 0.626260 1.368655 -1.889333975 
1335111574.6562 0.625199 1.363232 -1.890083975 
1335111574.76481 0.624360 1.359039 -1.868798975 
1335111574.8729 0.621351 1.353018 -1.912441975 
1335111574.93296 0.618793 1.347705 -1.931894975 
1335111575.04152 0.617591 1.344218 -1.872379975 
1335111575.15025 0.616155 1.338228 -1.907505975 
1335111575.26371 0.614509 1.333706 -1.898147975 
1335111575.37188 0.612175 1.328816 -1.894484975 
1335111575.43193 0.610439 1.323781 -1.914424975 
1335111575.53919 0.609553 1.318562 -1.917719975 
1335111575.64725 0.607745 1.314408 -1.879903975 
1335111575.75454 0.606094 1.308607 -1.910951975 
1335111575.8677 0.602794 1.304710 -1.889141975 
1335111575.92793 0.601106 1.299039 -1.898224975 
1335111576.03528 0.600398 1.293948 -1.896598975 
1335111576.14307 0.598404 1.289739 -1.896743975 
1335111576.25131 0.597709 1.284106 -1.881274975 
1335111576.36526 0.595186 1.278122 -1.909201975 
1335111576.47347 0.592853 1.274427 -1.883686975 
1335111576.5334 0.590277 1.269235 -1.879773975 
1335111576.64078 0.589374 1.262959 -1.913651975 
1335111576.74886 0.588507 1.259688 -1.915591975 
1335111576.85639 0.585468 1.254455 -1.933889975 
1335111576.96399 0.583968 1.249256 -1.926551975 
1335111577.0709 0.582576 1.244851 -1.858749975 
1335111577.13092 0.580899 1.239039 -1.891807975 
1335111577.23789 0.579144 1.234162 -1.900753975 
1335111577.34995 0.576256 1.229378 -1.893249975 
1335111577.45844 0.574187 1.224134 -1.904336975 
1335111577.56699 0.573820 1.220671 -1.875175975 
1335111577.67472 0.571772 1.215704 -1.879238975 
1335111577.73485 0.570833 1.209109 -1.897343975 
1335111577.84221 0.568844 1.205952 -1.875171975 
1335111577.94419 0.566461 1.199802 -1.891753975 
1335111578.05199 0.564459 1.195259 -1.916040975 
1335111578.16077 0.563872 1.191435 -1.861680975 
1335111578.26917 0.561146 1.186923 -1.919717975 
1335111578.3289 0.559928 1.180327 -1.892324975 
1335111578.44007 0.557398 1.176715 -1.899324975 
1335111578.54816 0.554996 1.171008 -1.909355975 
1335111578.65649 0.554459 1.166840 -1.873281975 
1335111578.76471 0.553765 1.161170 -1.874587975 
1335111578.87301 0.552264 1.155169 -1.898357975 
1335111578.93303 0.548158 1.151295 -1.882530975 
1335111579.04134 0.546913 1.145816 -1.910303975 
1335111579.14955 0.544560 1.139816 -1.919172975 
1335111579.25804 0.544506 1.136496 -1.851431975 
1335111579.36544 0.542703 1.130558 -1.893903975 
1335111579.47756 0.540540 1.124039 -1.910916975 
1335111579.53778 0.537274 1.120534 -1.864572975 
1335111579.64526 0.535614 1.115569 -1.897250975 
1335111579.75301 0.534825 1.110621 -1.882500975 
1335111579.86135 0.533695 1.105785 -1.882911975 
1335111579.97017 0.532481 1.100033 -1.901140975 
1335111580.02991 0.529791 1.094602 -1.891513975 
1335111580.13713 0.527447 1.090201 -1.877504975 
1335111580.24511 0.525620 1.084448 -1.901722975 
1335111580.35374 0.525129 1.081660 -1.844062975 
1335111580.4663 0.523276 1.075559 -1.865600975 
1335111580.57418 0.521825 1.070855 -1.919687975 
1335111580.63358 0.518882 1.065052 -1.857640975 
1335111580.74089 0.517143 1.059161 -1.888525975 
1335111580.84892 0.515897 1.054955 -1.892480975 
1335111580.95674 0.515472 1.050539 -1.843597975 
1335111581.06493 0.512935 1.044226 -1.877038975 
1335111581.17316 0.511846 1.039127 -1.880355975 
1335111581.23324 0.509958 1.034974 -1.888278975 
1335111581.34042 0.508014 1.030216 -1.856441975 
1335111581.44833 0.507157 1.026840 -1.869833975 
1335111581.56143 0.505356 1.024622 -1.844111975 
1335111581.68322 0.505102 1.020602 -1.879653975 
1335111581.74673 0.505237 1.018810 -1.843597975 
1335111581.85459 0.505618 1.014783 -1.727064975 
1335111581.96148 0.507246 1.015166 -1.484636675 
1335111582.07001 0.509278 1.015304 -1.231766675 
1335111582.12985 0.510795 1.017900 -1.020766675 
1335111582.23692 0.516971 1.015002 -0.817978675 
1335111582.34479 0.522067 1.013232 -0.674466675 
1335111582.45336 0.526841 1.011858 -0.507066675 
1335111582.5667 0.530372 1.010178 -0.460091675 
1335111582.67459 0.536232 1.010056 -0.338688675 
1335111582.73479 0.540842 1.009164 -0.262883675 
1335111582.84231 0.545826 1.007660 -0.211464675 
1335111582.95048 0.552134 1.007540 -0.170291675 
1335111583.06014 0.556132 1.007211 -0.137274675 
1335111583.16858 0.562269 1.006597 -0.130794675 
1335111583.22842 0.567832 1.006612 -0.091630675 
1335111583.33546 0.572112 1.006091 -0.072939675 
1335111583.44337 0.577260 1.006185 -0.0710186749999999 
1335111583.55577 0.583658 1.006829 -0.0479796749999999 
1335111583.66078 0.587725 1.006385 -0.0548066749999998 
1335111583.76878 0.593694 1.007050 -0.0486596749999999 
1335111583.82854 0.598699 1.006189 -0.0315216749999998 
1335111583.93576 0.603364 1.007107 -0.0291896749999998 
1335111584.04354 0.610473 1.007649 -0.038469675 
1335111584.15199 0.614540 1.006759 -0.0302136749999999 
1335111584.26063 0.620151 1.007498 -0.0170976749999998 
1335111584.36898 0.626098 1.008458 -0.061832675 
1335111584.42887 0.631010 1.006887 -0.0256876749999999 
1335111584.53616 0.636436 1.008143 0.00503332500000009 
1335111584.64799 0.641456 1.007868 0.00374732500000019 
1335111584.75226 0.647200 1.006953 -0.0116886749999998 
1335111584.85436 0.652722 1.008882 0.00503332500000009 
1335111584.9629 0.656910 1.008332 -0.000601674999999968 
1335111585.07229 0.662963 1.007356 -0.0255556749999999 
1335111585.1324 0.668679 1.009388 -0.0105266749999999 
1335111585.23939 0.672975 1.008471 -0.00384167499999988 
1335111585.34751 0.678616 1.008658 -0.0323486749999999 
1335111585.45587 0.684381 1.010117 -0.024094675 
1335111585.56424 0.688773 1.008803 -0.00306467499999985 
1335111585.67653 0.695346 1.008922 -0.027732675 
1335111585.73669 0.700621 1.009897 -0.000563674999999986 
1335111585.84418 0.705063 1.009124 0.00386432500000011 
1335111585.95199 0.711595 1.009533 -0.0216776749999998 
1335111586.06083 0.717192 1.011104 -0.00477967499999998 
1335111586.16865 0.721154 1.009656 0.00623232500000004 
1335111586.22849 0.727591 1.010205 -0.0216776749999998 
1335111586.33552 0.732671 1.011319 -0.00911467499999996 
1335111586.44349 0.737094 1.010556 -0.00521867499999984 
1335111586.55171 0.743131 1.010553 -0.022318675 
1335111586.66474 0.748015 1.011805 -0.0163986749999998 
1335111586.77326 0.753016 1.010967 0.00623232500000004 
1335111586.83316 0.759481 1.011378 -0.0190786749999998 
1335111586.93461 0.764693 1.011838 -0.0319886749999998 
1335111587.03729 0.768861 1.011599 0.00623232500000004 
1335111587.14546 0.775532 1.012196 -0.0123976749999999 
1335111587.25316 0.780094 1.013475 -0.00612767499999989 
1335111587.36165 0.784794 1.012300 0.0105713250000001 
1335111587.4695 0.791218 1.011805 -0.010423675 
1335111587.52934 0.795992 1.013830 -0.00131967499999996 
1335111587.63649 0.800753 1.013031 0.0173703250000001 
1335111587.74846 0.806947 1.013205 -0.00953267499999999 
1335111587.85681 0.811739 1.013585 -0.0141216749999999 
1335111587.96519 0.816328 1.013707 0.0119743250000002 
1335111588.07349 0.822480 1.013425 -0.00614467499999982 
1335111588.1335 0.827382 1.014161 -0.0141216749999999 
1335111588.24073 0.833973 1.015018 -0.040132675 
1335111588.34857 0.838637 1.014225 -0.0155216749999998 
1335111588.45679 0.843418 1.013942 -0.029932675 
1335111588.56503 0.849434 1.015816 -0.0457296749999998 
1335111588.67322 0.854545 1.014605 -0.00411367499999993 
1335111588.73338 0.859899 1.014534 0.000517325000000124 
1335111588.84479 0.865389 1.016159 -0.027905675 
1335111588.95344 0.870350 1.015279 3.25000000023223e-07 
1335111589.06291 0.876560 1.015414 -0.0215396749999999 
1335111589.1717 0.881843 1.015362 -0.0305996749999999 
1335111589.23166 0.886081 1.015791 0.00850432500000009 
1335111589.3386 0.892398 1.016046 -0.00908867499999988 
1335111589.44656 0.897003 1.016584 -0.019408675 
1335111589.55433 0.901423 1.016365 0.00623232500000004 
1335111589.66289 0.907713 1.016402 -0.0067656749999998 
1335111589.77161 0.912246 1.016351 -0.0162416749999998 
1335111589.83131 0.916859 1.017076 0.00817032500000003 
1335111589.9425 0.923188 1.016965 -0.00282167499999986 
1335111590.05051 0.927884 1.017534 -0.0141216749999999 
1335111590.15796 0.932906 1.017618 0.00368232500000021 
1335111590.26639 0.938923 1.017529 -0.0155216749999998 
1335111590.3746 0.943848 1.018196 -0.025802675 
1335111590.43472 0.950097 1.017544 -0.0570006749999998 
1335111590.54184 0.954674 1.018017 0.000197325000000026 
1335111590.65003 0.960480 1.017525 -0.0227736749999998 
1335111590.7586 0.965906 1.017938 -0.0108306749999998 
1335111590.86621 0.970327 1.018365 0.0122393250000001 
1335111590.97823 0.976594 1.018511 -0.00243467499999994 
1335111591.03962 0.981149 1.018551 -0.0121846749999999 
1335111591.14724 0.987940 1.018644 -0.062642675 
1335111591.25519 0.992396 1.018552 -0.0131186749999999 
1335111591.36336 0.996826 1.018716 -0.029932675 
1335111591.47203 1.003067 1.018987 -0.062842675 
1335111591.53106 1.007848 1.018958 -0.00240867499999986 
1335111591.6382 1.013644 1.018948 -0.0367036749999998 
1335111591.74616 1.018403 1.019211 -0.027878675 
1335111591.853 1.023344 1.019413 0.0107473250000001 
1335111591.96595 1.029496 1.019000 -0.00531167499999996 
1335111592.07411 1.033988 1.019728 -0.0108306749999998 
1335111592.13433 1.040535 1.020059 -0.0706656749999999 
1335111592.24176 1.045376 1.019679 -0.00677567499999987 
1335111592.34974 1.050071 1.019992 -0.013651675 
1335111592.45849 1.055683 1.021086 -0.0131206749999999 
1335111592.56649 1.060776 1.020318 0.0036323250000001 
1335111592.67466 1.065999 1.020975 -0.0225176749999998 
1335111592.73512 1.071194 1.020689 -0.0216926749999999 
1335111592.84234 1.077583 1.021691 -0.0544406749999999 
1335111592.94419 1.081410 1.021962 -0.027859675 
1335111593.05811 1.086515 1.021094 -0.0121846749999999 
1335111593.16654 1.092494 1.022023 -0.052847675 
1335111593.27466 1.097453 1.021743 0.0133213250000002 
1335111593.33468 1.102541 1.021209 -0.00633567499999987 
1335111593.44213 1.108183 1.021178 -0.0329186749999999 
1335111593.55009 1.112998 1.021925 0.00632732499999999 
1335111593.65866 1.118284 1.022222 -0.00687167499999997 
1335111593.76608 1.123780 1.021821 -0.0121846749999999 
1335111593.87414 1.130603 1.021764 -0.0568956749999998 
1335111593.93421 1.134553 1.021979 0.00710432500000002 
1335111594.04608 1.139569 1.021641 -0.0117306749999999 
1335111594.15283 1.145350 1.021670 -0.0327246749999999 
1335111594.26116 1.151435 1.023200 -0.0401436749999999 
1335111594.36929 1.154998 1.022378 -0.0207706749999998 
1335111594.42899 1.160694 1.022189 -0.0182596749999999 
1335111594.53611 1.166823 1.022431 -0.0713506749999999 
1335111594.644 1.171290 1.023127 -0.00122467499999979 
1335111594.75255 1.176137 1.022271 -0.0280966749999998 
1335111594.86106 1.182054 1.022307 -0.0435316749999999 
1335111594.96924 1.187221 1.022624 0.0036323250000001 
1335111595.02981 1.191566 1.023151 -0.00623867499999986 
1335111595.14146 1.197295 1.022539 -0.0277656749999999 
1335111595.24922 1.202881 1.023650 -0.041940675 
1335111595.35848 1.208050 1.023818 0.00443832500000019 
1335111595.46663 1.212555 1.022989 -0.0108306749999998 
1335111595.57474 1.218753 1.023588 -0.023824675 
1335111595.63461 1.224621 1.024272 -0.022118675 
1335111595.74223 1.228484 1.024233 -0.00759367499999986 
1335111595.85016 1.234302 1.022948 -0.0223436749999999 
1335111595.9592 1.240402 1.023947 -0.0475366749999999 
1335111596.06725 1.244408 1.023764 -0.0261986749999998 
1335111596.1793 1.249359 1.023390 -0.0108306749999998 
1335111596.23954 1.255781 1.023359 -0.0446716749999998 
1335111596.34695 1.261037 1.024116 -0.0450056749999999 
1335111596.45485 1.265687 1.023894 -0.0336236749999999 
1335111596.56325 1.271183 1.023130 -0.0379726749999998 
1335111596.6718 1.277108 1.023516 -0.0662426749999998 
1335111596.73175 1.281238 1.024352 0.00801632500000005 
1335111596.8388 1.285886 1.023435 -0.0169546749999998 
1335111596.94722 1.292658 1.023675 -0.0387426749999999 
1335111597.05581 1.298666 1.023861 -0.0617216749999998 
1335111597.16857 1.302341 1.024446 -0.021470675 
1335111597.22853 1.308214 1.023318 -0.0395206749999999 
1335111597.33543 1.313766 1.023749 -0.0662426749999998 
1335111597.443 1.317943 1.024623 0.00985832500000017 
1335111597.55137 1.322530 1.023645 -0.0169546749999998 
1335111597.6601 1.329242 1.023752 -0.0401766749999999 
1335111597.76863 1.334433 1.024451 -0.043244675 
1335111597.82854 1.338801 1.024849 -0.0268776749999999 
1335111597.93557 1.344490 1.023725 -0.0169546749999998 
1335111598.04315 1.350369 1.023886 -0.0662426749999998 
1335111598.15159 1.355439 1.024191 -0.0203676749999999 
1335111598.26508 1.359736 1.024283 -0.0252776749999999 
1335111598.37342 1.366162 1.023837 -0.0288866749999999 
1335111598.43255 1.371832 1.023731 -0.082051675 
1335111598.53977 1.375706 1.024934 -0.0158766749999999 
1335111598.64766 1.381063 1.023781 -0.0169546749999998 
1335111598.75575 1.387637 1.023949 -0.0446716749999998 
1335111598.86419 1.391990 1.023978 -0.0202746749999998 
1335111598.97278 1.396184 1.024570 -0.0109216749999999 
1335111599.03369 1.402679 1.023651 -0.027651675 
1335111599.14122 1.408390 1.023715 -0.082051675 
1335111599.25347 1.411929 1.024894 -0.0268776749999999 
1335111599.36178 1.417764 1.023453 -0.0118166749999999 
1335111599.46925 1.423792 1.023790 -0.057921675 
1335111599.52911 1.428873 1.024115 -0.038828675 
1335111599.63599 1.432551 1.024203 -0.0168806749999999 
1335111599.74396 1.439086 1.023590 -0.0327246749999999 
1335111599.8522 1.445092 1.023466 -0.0767476749999998 
1335111599.96112 1.449395 1.023498 -0.056731675 
1335111600.06967 1.453575 1.024225 0.00347532500000014 
1335111600.1297 1.461175 1.023406 -0.0299776749999998 
1335111600.23687 1.467009 1.023629 -0.080086675 
1335111600.34895 1.469916 1.024155 -0.043041675 
1335111600.45724 1.475924 1.023085 -0.023341675 
1335111600.56636 1.481894 1.023200 -0.0708516749999999 
1335111600.67451 1.486296 1.023194 -0.0454856749999999 
1335111600.73464 1.490302 1.023705 0.00832232500000019 
1335111600.84188 1.497499 1.022937 -0.038542675 
1335111600.9502 1.503680 1.022967 -0.0746976749999999 
1335111601.05934 1.505710 1.023755 -0.0168806749999999 
1335111601.16797 1.512258 1.022848 -0.0293706749999998 
1335111601.27577 1.518704 1.022286 -0.0631586749999999 
1335111601.33592 1.523215 1.022550 -0.063592675 
1335111601.44718 1.527598 1.022640 -0.0270116749999998 
1335111601.55499 1.534192 1.021690 -0.0334906749999999 
1335111601.66352 1.540133 1.022478 -0.0615236749999999 
1335111601.7721 1.544060 1.022699 -0.074097675 
1335111601.83175 1.549019 1.021963 -0.00735267499999992 
1335111601.93899 1.555528 1.021275 -0.057322675 
1335111602.05574 1.559880 1.021934 -0.0637786749999998 
1335111602.16807 1.564860 1.021630 -0.0445226749999998 
1335111602.23048 1.571213 1.021211 -0.0232366749999999 
1335111602.33952 1.577148 1.021241 -0.0712566749999999 
1335111602.45156 1.580691 1.021879 -0.0739586749999999 
1335111602.55999 1.585428 1.021672 -0.0179356749999999 
1335111602.66806 1.592136 1.020997 -0.0623956749999999 
1335111602.77613 1.596987 1.021125 -0.0521606749999999 
1335111602.83638 1.601623 1.021341 -0.045271675 
1335111602.9437 1.607695 1.020517 -0.0332946749999998 
1335111603.05303 1.613407 1.019447 -0.0636316749999999 
1335111603.159 1.617672 1.020375 -0.0670566749999999 
1335111603.26094 1.622593 1.020897 -0.00735267499999992 
1335111603.36919 1.629151 1.020266 -0.057093675 
1335111603.42913 1.634165 1.018631 -0.0523406749999999 
1335111603.53915 1.639075 1.020191 -0.062577675 
1335111603.647 1.644213 1.018677 -0.0456836749999998 
1335111603.75487 1.650376 1.018156 -0.0620556749999999 
1335111603.86341 1.654126 1.020068 -0.070707675 
1335111603.97223 1.659589 1.018693 -0.0263766749999998 
1335111604.03201 1.665431 1.017545 -0.0596016749999999 
1335111604.13937 1.670216 1.018787 -0.0893166749999998 
1335111604.24746 1.675811 1.019267 -0.0539746749999999 
1335111604.35522 1.681017 1.017322 -0.0485626749999999 
1335111604.46368 1.687102 1.017031 -0.0511976749999998 
1335111604.57593 1.691089 1.018881 -0.057222675 
1335111604.63624 1.696194 1.017211 -0.0265686749999998 
1335111604.74382 1.702652 1.016582 -0.0560776749999998 
1335111604.85204 1.707621 1.017636 -0.0802316749999998 
1335111604.96082 1.712473 1.017030 -0.0389696749999999 
1335111605.07026 1.718358 1.016459 -0.0433076749999999 
1335111605.13032 1.723342 1.016004 -0.0472676749999998 
1335111605.23737 1.727879 1.018093 -0.0539746749999999 
1335111605.34541 1.733447 1.016084 -0.0378076749999998 
1335111605.45376 1.739658 1.015021 -0.0781836749999998 
1335111605.56532 1.743722 1.017422 -0.072337675 
1335111605.6737 1.748867 1.015572 -0.021945675 
1335111605.73387 1.755363 1.014860 -0.063039675 
1335111605.84125 1.761275 1.014614 -0.0853426749999999 
1335111605.94952 1.765179 1.015113 -0.0415856749999999 
1335111606.05737 1.770552 1.014528 -0.0567196749999999 
1335111606.16556 1.777252 1.013938 -0.0825246749999999 
1335111606.27394 1.781073 1.014730 -0.068448675 
1335111606.33381 1.785948 1.014441 -0.0448496749999998 
1335111606.44104 1.792295 1.013514 -0.0825246749999999 
1335111606.54926 1.797900 1.013291 -0.0838336749999999 
1335111606.6625 1.801493 1.014123 -0.0497306749999999 
1335111606.77087 1.807750 1.012977 -0.0701396749999998 
1335111606.83067 1.813467 1.012561 -0.0915736749999998 
1335111606.93784 1.817630 1.013330 -0.0326836749999999 
1335111607.04674 1.823433 1.012764 -0.0520156749999998 
1335111607.15474 1.829775 1.012046 -0.0742086749999999 
1335111607.26253 1.833234 1.012415 -0.0634476749999999 
1335111607.3711 1.838730 1.012522 -0.047379675 
1335111607.43093 1.845091 1.011822 -0.0786316749999998 
1335111607.53818 1.849659 1.011549 -0.0733656749999998 
1335111607.65036 1.854173 1.012496 -0.0392476749999999 
1335111607.7591 1.860805 1.011313 -0.0701396749999998 
1335111607.86725 1.866897 1.010844 -0.102079675 
1335111607.97557 1.871669 1.011017 -0.090753675 
1335111608.03568 1.876479 1.011098 -0.0567486749999999 
1335111608.143 1.882536 1.010163 -0.0896596749999998 
1335111608.25111 1.887772 1.009949 -0.0920066749999999 
1335111608.35987 1.892067 1.010531 -0.0470496749999998 
1335111608.46724 1.897841 1.009629 -0.0896596749999998 
1335111608.57514 1.903680 1.008558 -0.0833276749999998 
1335111608.6354 1.908192 1.008896 -0.0659656749999999 
1335111608.74687 1.913670 1.008676 -0.0737666749999999 
1335111608.85473 1.919045 1.008002 -0.0833276749999998 
1335111608.96224 1.924783 1.007697 -0.110493675 
1335111609.07184 1.928479 1.008479 -0.0582656749999999 
1335111609.13194 1.934779 1.007030 -0.106119675 
1335111609.23895 1.940643 1.007004 -0.109556675 
1335111609.34687 1.944567 1.005726 -0.052070675 
1335111609.45438 1.950779 1.006149 -0.111387675 
1335111609.56318 1.958194 1.006792 -0.150165675 
1335111609.67168 1.959877 1.005169 -0.0576566749999998 
1335111609.7315 1.965540 1.004726 -0.120874675 
1335111609.84183 1.968143 1.004256 -0.071004675 
1335111609.95009 1.973331 1.003667 -0.123644675 
1335111610.05888 1.975450 1.003231 -0.071290675 
1335111610.16468 1.980457 1.003062 -0.125755675 
1335111610.27583 1.981422 1.002751 -0.112287675 
1335111610.33598 1.981729 1.006769 0.148019325 
1335111610.44314 1.981527 1.008286 0.356367325 
1335111610.5513 1.981768 1.009702 0.526541325 
1335111610.6597 1.986137 1.014392 0.721181325 
1335111610.76736 1.987568 1.018392 0.866546325 
1335111610.87937 1.990548 1.023025 1.006839325 
1335111610.93988 1.991289 1.028993 1.064854325 
1335111611.04847 1.992207 1.033485 1.207365325 
1335111611.15654 1.992981 1.037951 1.332966325 
1335111611.26488 1.993425 1.044559 1.362132325 
1335111611.37385 1.994563 1.047237 1.434370325 
1335111611.4338 1.995136 1.053680 1.416238325 
1335111611.54085 1.995360 1.058218 1.464089325 
1335111611.64892 1.995444 1.063484 1.474347325 
1335111611.75718 1.996056 1.068888 1.500604325 
1335111611.8691 1.996439 1.074378 1.516630325 
1335111611.929 1.996083 1.079814 1.502837325 
1335111612.03647 1.996044 1.084839 1.521439325 
1335111612.14409 1.997024 1.090062 1.537715325 
1335111612.25224 1.996408 1.096094 1.538834325 
1335111612.36067 1.996363 1.099634 1.564355325 
1335111612.46811 1.996952 1.105955 1.564851325 
1335111612.57588 1.996660 1.112315 1.553651325 
1335111612.63608 1.996449 1.116155 1.599275325 
1335111612.74342 1.996625 1.121578 1.552759325 
1335111612.8516 1.996537 1.128384 1.564354325 
1335111612.96525 1.995747 1.134094 1.526464325 
1335111613.07465 1.995825 1.136825 1.558496325 
1335111613.13469 1.996574 1.143594 1.570796325 
1335111613.24205 1.996056 1.150088 1.553803325 
1335111613.3498 1.995444 1.153494 1.590469325 
1335111613.45683 1.996106 1.158846 1.577170325 
1335111613.56522 1.995573 1.165130 1.560978325 
1335111613.67379 1.995198 1.168853 1.602985325 
1335111613.73378 1.995694 1.173824 1.576979325 
1335111613.84108 1.995603 1.181044 1.570796325 
1335111613.95341 1.995331 1.185320 1.547862325 
1335111614.06206 1.995158 1.189356 1.590572325 
1335111614.17049 1.995112 1.196000 1.569795325 
1335111614.23022 1.995018 1.201814 1.534117325 
1335111614.33746 1.994542 1.204909 1.584244325 
1335111614.44536 1.995824 1.211050 1.578417325 
1335111614.5536 1.995272 1.217353 1.539187325 
1335111614.66214 1.993789 1.221050 1.577513325 
1335111614.77058 1.995708 1.226177 1.587525325 
1335111614.83022 1.995128 1.232108 1.536204325 
1335111614.93739 1.993900 1.235085 1.599444325 
1335111615.05045 1.995399 1.241013 1.587525325 
1335111615.15822 1.995201 1.247860 1.567891325 
1335111615.2663 1.995775 1.251849 1.562970325 
1335111615.37466 1.993929 1.255846 1.587022325 
1335111615.43457 1.994826 1.262742 1.570796325 
1335111615.54168 1.996493 1.267180 1.542662325 
1335111615.64972 1.994844 1.271140 1.594407325 
1335111615.75683 1.995166 1.277679 1.576814325 
1335111615.86414 1.996036 1.283385 1.539873325 
1335111615.97311 1.997302 1.288754 1.543750325 
1335111616.03284 1.994640 1.292333 1.581344325 
1335111616.14425 1.996267 1.298590 1.557366325 
1335111616.25241 1.997769 1.304672 1.540286325 
1335111616.36096 1.995705 1.308370 1.584845325 
1335111616.46925 1.995266 1.313987 1.559036325 
1335111616.52945 1.996220 1.319813 1.541882325 
1335111616.63633 1.997256 1.324693 1.576831325 
1335111616.74423 1.995328 1.328969 1.590769325 
1335111616.85244 1.995567 1.335923 1.555983325 
1335111616.96123 1.997054 1.341230 1.547570325 
1335111617.07042 1.995487 1.345022 1.574554325 
1335111617.1308 1.995736 1.350041 1.560534325 
1335111617.24167 1.996711 1.356162 1.552984325 
1335111617.3496 1.997188 1.361799 1.561539325 
1335111617.45825 1.995666 1.366831 1.552389325 
1335111617.5665 1.995952 1.372381 1.548961325 
1335111617.67478 1.996780 1.377217 1.566032325 
1335111617.73468 1.997127 1.381842 1.562190325 
1335111617.8422 1.996289 1.387270 1.586042325 
1335111617.95013 1.996509 1.392817 1.559210325 
1335111618.05771 1.997443 1.397583 1.598268325 
1335111618.16602 1.994401 1.402928 1.610514325 
1335111618.2784 1.996382 1.408829 1.572896325 
1335111618.3386 1.996723 1.413806 1.569730325 
1335111618.44601 1.997094 1.418538 1.583475325 
1335111618.5535 1.995876 1.424147 1.570796325 
1335111618.65893 1.996754 1.428981 1.546528325 
1335111618.76735 1.997833 1.433380 1.592594325 
1335111618.87543 1.995386 1.438826 1.582723325 
1335111618.93568 1.996249 1.444908 1.575852325 
1335111619.04405 1.996461 1.450161 1.569146325 
1335111619.1523 1.996377 1.455195 1.597073325 
1335111619.26545 1.995183 1.460158 1.564009325 
1335111619.37422 1.996612 1.466079 1.548167325 
1335111619.43318 1.997646 1.471379 1.593966325 
1335111619.54027 1.996808 1.475761 1.569310325 
1335111619.64827 1.996780 1.482166 1.581381325 
1335111619.75619 1.997405 1.487119 1.578925325 
1335111619.86378 1.997624 1.491386 1.561980325 
1335111619.97235 1.997616 1.497450 1.571008325 
1335111620.03215 1.997205 1.502814 1.560405325 
1335111620.13942 1.997600 1.507615 1.559168325 
1335111620.24715 1.998181 1.512473 1.554484325 
1335111620.36029 1.997862 1.518641 1.563092325 
1335111620.46518 1.997525 1.522973 1.559218325 
1335111620.57376 1.998039 1.527515 1.571662325 
1335111620.63364 1.998623 1.533812 1.556851325 
1335111620.74083 1.997687 1.539982 1.567594325 
1335111620.84886 1.997956 1.544530 1.549454325 
1335111620.95678 1.998438 1.548918 1.556247325 
1335111621.06702 1.998932 1.555221 1.569563325 
1335111621.17514 1.997753 1.560091 1.584981325 
1335111621.23527 1.998644 1.564415 1.589378325 
1335111621.34658 1.998440 1.570430 1.564504325 
1335111621.45496 1.998291 1.575844 1.574296325 
1335111621.56348 1.997790 1.580854 1.574937325 
1335111621.67199 1.998450 1.585275 1.554484325 
1335111621.73192 1.998632 1.591004 1.569662325 
1335111621.83904 1.998677 1.595932 1.564858325 
1335111621.9473 1.998559 1.600389 1.573955325 
1335111622.05596 1.998381 1.607134 1.579309325 
1335111622.16326 1.998661 1.612625 1.587108325 
1335111622.27187 1.998260 1.616999 1.564993325 
1335111622.33168 1.998648 1.622064 1.567296325 
1335111622.4429 1.999277 1.628101 1.570796325 
1335111622.55093 1.998394 1.632726 1.577405325 
1335111622.65937 1.999373 1.637152 1.584931325 
1335111622.76788 1.999090 1.643239 1.566685325 
1335111622.87582 1.999014 1.649008 1.564206325 
1335111622.93594 1.998572 1.653435 1.563922325 
1335111623.04413 1.999374 1.658588 1.569005325 
1335111623.15238 1.999835 1.664503 1.573834325 
1335111623.26018 1.998411 1.668772 1.561633325 
1335111623.36847 1.999302 1.673141 1.567123325 
1335111623.48003 1.999710 1.679504 1.575587325 
1335111623.54018 1.999080 1.684350 1.575394325 
1335111623.64774 1.998920 1.689542 1.548908325 
1335111623.75559 1.999654 1.694720 1.554484325 
1335111623.86391 2.000362 1.701059 1.573834325 
1335111623.97277 1.999196 1.705627 1.572020325 
1335111624.03254 1.999868 1.709969 1.576116325 
1335111624.13992 1.999177 1.716516 1.579341325 
1335111624.24787 1.998719 1.720780 1.590690325 
1335111624.35556 1.999752 1.725722 1.562013325 
1335111624.46824 1.999340 1.731895 1.554768325 
1335111624.57599 1.999108 1.737141 1.577138325 
1335111624.6363 1.999824 1.741366 1.567998325 
1335111624.74356 2.000375 1.746701 1.578461325 
1335111624.85171 1.999145 1.752797 1.564875325 
1335111624.96042 1.999478 1.756814 1.566583325 
1335111625.07021 2.000229 1.762434 1.561946325 
1335111625.13019 2.000415 1.768335 1.563653325 
1335111625.23728 1.999474 1.772943 1.597620325 
1335111625.34492 2.000235 1.778241 1.572126325 
1335111625.45322 2.000655 1.783309 1.572528325 
1335111625.56666 1.999497 1.789282 1.576852325 
1335111625.67503 2.000301 1.793043 1.574486325 
1335111625.73517 2.000652 1.798393 1.564962325 
1335111625.84222 1.999814 1.804407 1.571046325 
1335111625.95049 2.000526 1.808100 1.585145325 
1335111626.05812 2.000632 1.813400 1.573531325 
1335111626.16666 1.999939 1.820109 1.553561325 
1335111626.27501 2.000270 1.823339 1.602579325 
1335111626.335 2.000639 1.828217 1.574538325 
1335111626.4421 2.000398 1.835064 1.554325325 
1335111626.55428 2.000186 1.837282 1.662993325 
1335111626.66273 2.000395 1.844439 1.551902325 
1335111626.77101 2.000818 1.850080 1.560991325 
1335111626.83069 1.999266 1.856094 1.513524325 
1335111626.93781 2.000882 1.859430 1.564348325 
1335111627.04654 2.000849 1.865174 1.552518325 
1335111627.15525 2.000320 1.872091 1.537423325 
1335111627.26373 2.000793 1.875316 1.590534325 
1335111627.37235 2.001197 1.880565 1.588135325 
1335111627.4321 2.001306 1.886753 1.546174325 
1335111627.53851 2.001041 1.889395 1.655564325 
1335111627.65053 2.001292 1.896303 1.571665325 
1335111627.75799 2.001212 1.901987 1.535388325 
1335111627.8664 2.001288 1.904506 1.648271325 
1335111627.97518 2.002057 1.911433 1.545778325 
1335111628.0352 2.001683 1.916954 1.535386325 
1335111628.1423 2.000768 1.922311 1.559566325 
1335111628.25029 2.002621 1.927084 1.576133325 
1335111628.35803 2.002341 1.934824 1.448024325 
1335111628.46688 2.000925 1.939003 1.533687325 
1335111628.57519 2.002119 1.943062 1.565544325 
1335111628.63525 2.002019 1.948497 1.580996325 
1335111628.74645 2.000870 1.953788 1.542946325 
1335111628.85329 2.001272 1.958894 1.561032325 
1335111628.95865 2.001715 1.963724 1.596575325 
1335111629.06807 2.000603 1.968739 1.546694325 
1335111629.17612 2.000360 1.974022 1.567811325 
1335111629.23539 2.000725 1.978233 1.618649325 
1335111629.34268 2.001089 1.984078 1.554145325 
1335111629.45063 2.000617 1.989588 1.578660325 
1335111629.5582 2.000918 1.993404 1.604277325 
1335111629.66652 2.001163 1.999532 1.564605325 
1335111629.77915 2.001253 2.005550 1.559239325 
1335111629.83923 2.000861 2.010131 1.553231325 
1335111629.94696 2.002021 2.015325 1.604802325 
1335111630.05549 2.001040 2.021671 1.591371325 
1335111630.16481 2.000926 2.026364 1.567418325 
1335111630.27321 2.002127 2.030718 1.590671325 
1335111630.33295 2.001307 2.037014 1.594860325 
1335111630.44009 2.001035 2.041854 1.575525325 
1335111630.54801 2.001414 2.046920 1.624705325 
1335111630.65564 2.000958 2.052321 1.596978325 
1335111630.76899 2.000650 2.057611 1.541714325 
1335111630.87671 2.000848 2.061504 1.597492325 
1335111630.93686 2.000778 2.067572 1.572594325 
1335111631.04521 2.000942 2.072713 1.532205325 
1335111631.15357 2.001597 2.076480 1.582479325 
1335111631.26217 2.000955 2.082873 1.569804325 
1335111631.36688 2.001153 2.087648 1.536845325 
1335111631.4752 2.001448 2.092426 1.562450325 
1335111631.53505 2.000493 2.098828 1.550192325 
1335111631.64208 2.000760 2.103824 1.558032325 
1335111631.75016 2.000043 2.108403 1.568025325 
1335111631.8635 1.999035 2.113811 1.547019325 
1335111631.97151 1.998703 2.120084 1.546447325 
1335111632.03138 1.999351 2.123269 1.608035325 
1335111632.13809 1.999180 2.128962 1.558961325 
1335111632.24599 1.999156 2.135026 1.576079325 
1335111632.35428 1.999622 2.138985 1.614045325 
1335111632.46235 1.999817 2.144322 1.551460325 
1335111632.56634 2.000000 2.150450 1.565719325 
1335111632.67484 2.000481 2.155045 1.578217325 
1335111632.735 2.000547 2.159962 1.551460325 
1335111632.8463 2.000420 2.166392 1.575408325 
1335111632.9548 2.000912 2.170183 1.626195325 
1335111633.06444 2.000445 2.175971 1.586954325 
1335111633.17279 1.999695 2.182287 1.584137325 
1335111633.23278 2.001251 2.185740 1.601511325 
1335111633.33987 2.000596 2.191696 1.587396325 
1335111633.44774 2.000338 2.197416 1.562085325 
1335111633.55617 2.000331 2.201065 1.615830325 
1335111633.6647 2.000007 2.207617 1.594517325 
1335111633.77318 2.000244 2.212478 1.543745325 
1335111633.83292 2.000260 2.215754 1.602463325 
1335111633.94429 2.000070 2.222791 1.571404325 
1335111634.05238 2.000827 2.228151 1.536547325 
1335111634.1599 2.001063 2.231648 1.602463325 
1335111634.2682 2.000880 2.238710 1.571404325 
1335111634.37624 2.001484 2.243804 1.546528325 
1335111634.43611 2.001653 2.247156 1.587264325 
1335111634.54332 2.001706 2.254690 1.571404325 
1335111634.6512 2.001969 2.259452 1.561871325 
1335111634.75874 2.002271 2.263115 1.592764325 
1335111634.86719 2.001868 2.270670 1.553649325 
1335111634.97958 2.002331 2.274513 1.595665325 
1335111635.04089 2.002339 2.279924 1.565134325 
1335111635.14856 2.001752 2.285426 1.556602325 
1335111635.25523 2.002642 2.290391 1.551295325 
1335111635.36409 2.001098 2.295438 1.567355325 
1335111635.47254 2.001738 2.301512 1.507167325 
1335111635.53248 2.001428 2.305910 1.575531325 
1335111635.6396 2.000987 2.311228 1.560184325 
1335111635.74747 2.000658 2.319884 1.449316325 
1335111635.85575 2.001387 2.321981 1.572198325 
1335111635.96844 2.001242 2.327698 1.540444325 
1335111636.0766 2.001541 2.333562 1.539738325 
1335111636.13679 2.001549 2.337591 1.596676325 
1335111636.24393 2.000756 2.344122 1.570412325 
1335111636.3522 2.000551 2.349782 1.579028325 
1335111636.46066 2.000316 2.353606 1.590238325 
1335111636.56897 2.000010 2.359339 1.609019325 
1335111636.67635 2.000514 2.363564 1.594335325 
1335111636.73639 2.000866 2.369000 1.581495325 
1335111636.84373 2.000456 2.374849 1.577141325 
1335111636.9519 2.001051 2.378224 1.641240325 
1335111637.06669 2.000721 2.384382 1.570796325 
1335111637.1752 2.000582 2.389075 1.571984325 
1335111637.23528 2.000400 2.394637 1.597205325 
1335111637.34265 1.999992 2.400464 1.566960325 
1335111637.45053 2.000337 2.404915 1.592859325 
1335111637.55844 1.999803 2.409404 1.581355325 
1335111637.66672 1.999491 2.416741 1.551795325 
1335111637.7753 1.999796 2.420847 1.576242325 
1335111637.83507 1.998699 2.426468 1.546291325 
1335111637.94238 1.999662 2.432955 1.535042325 
1335111638.05108 1.999845 2.437441 1.578107325 
1335111638.15848 1.999779 2.443467 1.553725325 
1335111638.26664 1.999475 2.447270 1.557012325 
1335111638.37512 1.998992 2.451914 1.556716325 
1335111638.43477 1.998692 2.458383 1.545425325 
1335111638.54228 1.998874 2.462795 1.525575325 
1335111638.64947 1.998408 2.467403 1.565581325 
1335111638.75644 1.998816 2.470638 1.531814325 
1335111638.86505 1.999004 2.474750 1.528390325 
1335111638.97338 1.998985 2.477269 1.581999325 
1335111639.03787 1.999297 2.481630 1.525287325 
1335111639.14999 1.998734 2.483709 1.596648325 
1335111639.2579 1.996548 2.484681 1.886653325 
1335111639.36658 1.994620 2.485826 2.075288325 
1335111639.47403 1.987342 2.487692 2.274798325 
1335111639.53401 1.983888 2.492023 2.382179325 
1335111639.64094 1.979528 2.493879 2.558254325 
1335111639.74919 1.975783 2.495067 2.715319325 
1335111639.85711 1.969848 2.496049 2.830661325 
1335111639.96573 1.964156 2.497200 2.880757325 
1335111640.07445 1.960632 2.498053 3.017843325 
1335111640.13432 1.953056 2.498670 3.009343325 
1335111640.24539 1.950907 2.500012 3.039177325 
1335111640.35336 1.943405 2.501705 3.022007325 
1335111640.46225 1.939149 2.500376 3.119543325 
1335111640.56979 1.933600 2.503376 3.107992325 
1335111640.67764 1.928467 2.503856 3.085339325 
1335111640.73778 1.924271 2.502842 -3.134660975 
1335111640.8451 1.917788 2.503479 3.125630325 
1335111640.95303 1.913205 2.504048 3.047353325 
1335111641.06254 1.908484 2.505408 3.126407325 
1335111641.17084 1.901479 2.505634 3.141336325 
1335111641.23102 1.898013 2.504901 3.096303325 
1335111641.34224 1.892375 2.507463 -3.123694975 
1335111641.45029 1.885092 2.508407 -3.138536975 
1335111641.5583 1.881521 2.507134 3.123234325 
1335111641.6667 1.876840 2.507981 -3.125913975 
1335111641.77545 1.869546 2.509042 -3.136768975 
1335111641.83514 1.865231 2.509173 3.106688325 
1335111641.94248 1.861092 2.508903 -3.125469975 
1335111642.0505 1.854526 2.509927 -3.132974975 
1335111642.15865 1.849915 2.509428 3.081889325 
1335111642.26587 1.845265 2.510478 3.124693325 
1335111642.37853 1.839033 2.510851 -3.140285975 
1335111642.43852 1.834287 2.509750 3.107921325 
1335111642.54592 1.829584 2.512329 -3.120870975 
1335111642.65416 1.822254 2.513516 -3.131790975 
1335111642.76284 1.817949 2.512030 -3.128533975 
1335111642.87144 1.813940 2.512382 -3.121971975 
1335111642.93144 1.806852 2.513965 -3.123222975 
1335111643.03999 1.801806 2.513398 -3.114050975 
1335111643.14815 1.798320 2.513431 -3.114942975 
1335111643.25679 1.791586 2.514741 -3.114086975 
1335111643.36857 1.785860 2.513609 -3.137540975 
1335111643.4762 1.782973 2.513078 -3.131450975 
1335111643.53623 1.776181 2.515037 -3.130561975 
1335111643.64319 1.769770 2.514305 -3.123332975 
1335111643.75139 1.766327 2.515292 3.099875325 
1335111643.85988 1.760679 2.515721 -3.131600975 
1335111643.96776 1.754346 2.514495 -3.128149975 
1335111644.07621 1.751261 2.516647 -3.140124975 
1335111644.13639 1.744236 2.518294 -3.129289975 
1335111644.24349 1.737873 2.518456 3.133718325 
1335111644.35169 1.735315 2.518504 -3.127940975 
1335111644.46534 1.728806 2.518483 -3.125913975 
1335111644.57391 1.722865 2.518954 3.129928325 
1335111644.63391 1.719276 2.517858 3.138895325 
1335111644.74098 1.713361 2.518402 -3.113139975 
1335111644.84887 1.706882 2.518813 -3.118973975 
1335111644.95738 1.703174 2.518425 3.117424325 
1335111645.06656 1.698099 2.519006 -3.120822975 
1335111645.17511 1.691669 2.520079 -3.120315975 
1335111645.23502 1.687246 2.520081 3.118506325 
1335111645.34232 1.682709 2.520331 -3.131566975 
1335111645.45444 1.675835 2.520497 -3.122074975 
1335111645.56277 1.671050 2.520044 3.119948325 
1335111645.67036 1.666425 2.521912 -3.134573975 
1335111645.77836 1.660251 2.520510 -3.095014975 
1335111645.83841 1.654230 2.521191 -3.123857975 
1335111645.9459 1.651356 2.523217 -3.119766975 
1335111646.05392 1.644023 2.521707 -3.113439975 
1335111646.16176 1.638470 2.520739 -3.094337975 
1335111646.27007 1.635172 2.523117 -3.114718975 
1335111646.37803 1.628608 2.523929 -3.125913975 
1335111646.43815 1.622966 2.523487 -3.110149975 
1335111646.5496 1.619625 2.524345 -3.134259975 
1335111646.65728 1.613211 2.523825 -3.125287975 
1335111646.76626 1.607428 2.524025 -3.124181975 
1335111646.87492 1.603988 2.524396 -3.123767975 
1335111646.93463 1.597675 2.524294 -3.118884975 
1335111647.04319 1.591412 2.524396 -3.138436975 
1335111647.15135 1.588077 2.524483 3.114436325 
1335111647.25856 1.582623 2.524008 -3.136075975 
1335111647.36699 1.576151 2.524917 -3.128696975 
1335111647.47521 1.571664 2.525355 3.130388325 
1335111647.53517 1.567118 2.524857 -3.133099975 
1335111647.64648 1.560813 2.525542 -3.104845975 
1335111647.7549 1.555164 2.525098 -3.109421975 
1335111647.86342 1.551595 2.525340 -3.127064975 
1335111647.97156 1.545358 2.524936 -3.109869975 
1335111648.03125 1.538818 2.525271 -3.096745975 
1335111648.13813 1.535511 2.526654 -3.112191975 
1335111648.24604 1.529585 2.526033 -3.105765975 
1335111648.35432 1.523361 2.525582 -3.091924975 
1335111648.4629 1.519558 2.526389 -3.138881975 
1335111648.57124 1.513614 2.526906 -3.112923975 
1335111648.6314 1.508023 2.526083 -3.103551975 
1335111648.74271 1.503229 2.526737 3.123878325 
1335111648.85066 1.498291 2.527218 -3.115244975 
1335111648.95778 1.491796 2.526855 -3.103799975 
1335111649.06707 1.487549 2.527015 3.120630325 
1335111649.17575 1.482489 2.528325 -3.130251975 
1335111649.23557 1.475778 2.528247 -3.114604975 
1335111649.34271 1.470502 2.527743 -3.133018975 
1335111649.45074 1.467188 2.528275 -3.130841975 
1335111649.55757 1.460504 2.529576 -3.113302975 
1335111649.66602 1.454513 2.527686 -3.112747975 
1335111649.7788 1.451131 2.528636 -3.126203975 
1335111649.83874 1.445031 2.529213 -3.105716975 
1335111649.94625 1.439336 2.529198 -3.108759975 
1335111650.05459 1.435386 2.528181 -3.140288975 
1335111650.16185 1.429753 2.529183 -3.105716975 
1335111650.27013 1.424020 2.528693 -3.105216975 
1335111650.37817 1.419551 2.529616 3.136562325 
1335111650.43822 1.414476 2.529181 -3.105716975 
1335111650.54564 1.407653 2.529665 -3.089374975 
1335111650.65365 1.403855 2.529772 -3.133967975 
1335111650.76656 1.398861 2.529566 -3.118367975 
1335111650.87532 1.391792 2.529798 -3.115106975 
1335111650.93501 1.387936 2.530357 -3.117275975 
1335111651.04348 1.383306 2.529682 -3.107726975 
1335111651.15158 1.376881 2.529889 -3.097345975 
1335111651.26002 1.371133 2.529849 -3.087603975 
1335111651.36844 1.367246 2.529301 -3.119893975 
1335111651.4766 1.361189 2.529701 -3.113302975 
1335111651.5367 1.355361 2.529407 -3.105270975 
1335111651.64384 1.351465 2.529795 3.136218325 
1335111651.75189 1.345901 2.529826 -3.113302975 
1335111651.86427 1.339700 2.530420 -3.120952975 
1335111651.97281 1.335347 2.529349 3.132432325 
1335111652.03293 1.330469 2.529961 -3.088196975 
1335111652.1401 1.323406 2.530611 -3.099308975 
1335111652.24807 1.319366 2.529546 -3.125073975 
1335111652.35668 1.314905 2.530165 -3.098080975 
1335111652.46536 1.308135 2.529919 -3.095805975 
1335111652.57368 1.303301 2.530256 -3.097532975 
1335111652.63363 1.299047 2.529984 -3.109222975 
1335111652.74078 1.292588 2.530250 -3.104396975 
1335111652.85378 1.287218 2.528715 -3.104240975 
1335111652.96228 1.283246 2.528738 -3.133463975 
1335111653.0717 1.276795 2.529703 -3.108297975 
1335111653.13167 1.271663 2.528970 -3.101482975 
1335111653.23874 1.267931 2.528545 -3.133398975 
1335111653.34643 1.261999 2.529058 -3.090421975 
1335111653.45458 1.255603 2.528606 -3.106511975 
1335111653.56253 1.252078 2.528931 -3.124105975 
1335111653.67102 1.246218 2.528737 -3.106074975 
1335111653.77816 1.240120 2.528726 -3.101465975 
1335111653.8383 1.236113 2.528421 -3.120613975 
1335111653.94979 1.230522 2.528582 -3.119100975 
1335111654.05734 1.224413 2.528966 -3.091651975 
1335111654.15164 1.219053 2.528547 -3.106389975 
1335111654.24646 1.214917 2.527743 -3.133063975 
1335111654.34081 1.208703 2.529191 -3.098171975 
1335111654.43532 1.203245 2.528284 -3.090069975 
1335111654.5314 1.199301 2.527697 -3.139278975 
1335111654.63146 1.193466 2.529286 -3.103381975 
1335111654.74046 1.187126 2.528009 -3.084238975 
1335111654.84977 1.183881 2.527917 -3.130161975 
1335111654.9647 1.177595 2.528737 -3.111150975 
1335111655.07538 1.172087 2.527693 -3.083475975 
1335111655.13643 1.168393 2.527309 -3.126537975 
1335111655.24486 1.161433 2.528194 -3.128510975 
1335111655.35451 1.156097 2.527960 -3.077710975 
1335111655.46382 1.152524 2.527111 -3.109622975 
1335111655.57323 1.145617 2.528156 -3.114338975 
1335111655.63342 1.140369 2.527491 -3.077123975 
1335111655.74179 1.136219 2.527455 -3.086086975 
1335111655.85105 1.130300 2.527038 -3.095292975 
1335111655.96587 1.124561 2.527221 -3.062469975 
1335111656.07554 1.119887 2.527255 -3.093923975 
1335111656.1367 1.114902 2.526656 -3.096619975 
1335111656.24509 1.107937 2.526818 -3.103395975 
1335111656.35449 1.103926 2.525352 -3.116588975 
1335111656.46476 1.099588 2.526201 -3.107648975 
1335111656.57452 1.092323 2.525489 -3.099202975 
1335111656.63524 1.088183 2.525656 -3.106160975 
1335111656.7434 1.083542 2.526091 3.138328325 
1335111656.85286 1.076455 2.525820 -3.106802975 
1335111656.96798 1.071951 2.525042 -3.104438975 
1335111657.0783 1.067798 2.524058 -3.133776975 
1335111657.13939 1.061879 2.525054 -3.097890975 
1335111657.24807 1.055571 2.524385 -3.073234975 
1335111657.35832 1.052345 2.523841 -3.130459975 
1335111657.46662 1.046173 2.524488 -3.103076975 
1335111657.57543 1.040254 2.524200 -3.084517975 
1335111657.63557 1.036546 2.523047 -3.121531975 
1335111657.74282 1.029769 2.524335 -3.093766975 
1335111657.8511 1.025013 2.522891 -3.078558975 
1335111657.9636 1.020563 2.523768 -3.109622975 
1335111658.07243 1.014257 2.524009 -3.089458975 
1335111658.1326 1.008839 2.523579 -3.096731975 
1335111658.24009 1.004926 2.524278 -3.120216975 
1335111658.34834 0.998803 2.522015 -3.096014975 
1335111658.45722 0.992036 2.521208 -3.077954975 
1335111658.56256 0.988848 2.521666 -3.124300975 
1335111658.67139 0.983120 2.520586 -3.086510975 
1335111658.73188 0.976287 2.521085 -3.098942975 
1335111658.83935 0.973193 2.519987 -3.133251975 
1335111658.94774 0.967399 2.520547 -3.112219975 
1335111659.06191 0.960894 2.520748 -3.097652975 
1335111659.16952 0.957492 2.519754 -3.114872975 
1335111659.27731 0.951328 2.519871 -3.113600975 
1335111659.33772 0.944980 2.520976 -3.090413975 
1335111659.44539 0.941960 2.519491 -3.103690975 
1335111659.55369 0.935002 2.520169 -3.112066975 
1335111659.66171 0.929364 2.519068 -3.062469975 
1335111659.76702 0.926200 2.519659 -3.105468975 
1335111659.87588 0.920237 2.518313 -3.086015975 
1335111659.9359 0.913373 2.518351 -3.068652975 
1335111660.04866 0.910275 2.517839 -3.109378975 
1335111660.1577 0.903829 2.517003 -3.101949975 
1335111660.26559 0.897737 2.516966 -3.086847975 
1335111660.37526 0.894712 2.515795 -3.129067975 
1335111660.43553 0.888315 2.516393 -3.115954975 
1335111660.54325 0.881834 2.516667 -3.097652975 
1335111660.65193 0.878640 2.515325 -3.122519975 
1335111660.75997 0.872052 2.515173 -3.103598975 
1335111660.8677 0.865623 2.515763 -3.072142975 
1335111660.97649 0.862860 2.514950 -3.108223975 
1335111661.03851 0.856376 2.514977 -3.085558975 
1335111661.15028 0.849580 2.513416 -3.078927975 
1335111661.25873 0.847073 2.513868 -3.114303975 
1335111661.36766 0.840998 2.512990 -3.081324975 
1335111661.47632 0.834522 2.512927 -3.105085975 
1335111661.53614 0.831091 2.513335 -3.124116975 
1335111661.64329 0.824942 2.512792 -3.099726975 
1335111661.75141 0.818643 2.512328 -3.098628975 
1335111661.85947 0.814935 2.511595 -3.130433975 
1335111661.96793 0.808328 2.511052 -3.094616975 
1335111662.0764 0.803409 2.511451 -3.137111975 
1335111662.13649 0.799486 2.510742 -3.132905975 
1335111662.24767 0.792398 2.511748 -3.088584975 
1335111662.35612 0.788083 2.510636 -3.135851975 
1335111662.4646 0.784144 2.510628 -3.080819975 
1335111662.57271 0.777214 2.508449 -3.072896975 
1335111662.63281 0.772593 2.508105 -3.133065975 
1335111662.7401 0.767976 2.508522 -3.108814975 
1335111662.84799 0.761454 2.508208 -3.088878975 
1335111662.95635 0.757077 2.507951 3.134694325 
1335111663.06418 0.751200 2.507433 -3.133473975 
1335111663.17206 0.745317 2.508132 -3.084818975 
1335111663.23197 0.742103 2.506540 -3.104578975 
1335111663.34328 0.734867 2.507371 -3.112066975 
1335111663.45124 0.729148 2.506240 -3.055213975 
1335111663.55919 0.726013 2.506731 -3.113278975 
1335111663.66754 0.720005 2.504587 -3.082991975 
1335111663.77631 0.713829 2.504636 -3.107577975 
1335111663.83588 0.710579 2.504725 -3.108092975 
1335111663.94322 0.704175 2.504340 -3.098301975 
1335111664.0511 0.698891 2.504342 3.109387325 
1335111664.15906 0.693925 2.502992 3.131776325 
1335111664.26741 0.687782 2.503588 -3.112198975 
1335111664.37993 0.683083 2.503711 3.118064325 
1335111664.44002 0.677328 2.503191 -3.122349975 
1335111664.54731 0.670942 2.502680 -3.093708975 
1335111664.65564 0.669065 2.502386 3.136038325 
1335111664.76439 0.661474 2.501773 -3.096840975 
1335111664.87264 0.656582 2.500689 3.135548325 
1335111664.93201 0.652571 2.500761 -3.124966975 
1335111665.0404 0.646255 2.500048 -3.110532975 
1335111665.14874 0.640609 2.499871 3.132033325 
1335111665.25714 0.636066 2.499019 3.136892325 
1335111665.37004 0.630218 2.499403 -3.105357975 
1335111665.47796 0.625696 2.499113 3.102906325 
1335111665.53726 0.619987 2.498456 -3.118710975 
1335111665.64439 0.614338 2.498363 3.141057325 
1335111665.75259 0.611182 2.498222 -3.130328975 
1335111665.86084 0.604350 2.496273 -3.092296975 
1335111665.96839 0.599794 2.495932 3.102743325 
1335111666.07709 0.594837 2.496610 -3.140385975 
1335111666.13705 0.588698 2.495598 -3.117155975 
1335111666.24427 0.583884 2.496078 3.076753325 
1335111666.35138 0.578167 2.494971 3.120721325 
1335111666.46416 0.573329 2.495957 3.129915325 
1335111666.57238 0.567075 2.495696 3.084484325 
1335111666.63246 0.561236 2.495412 -3.136865975 
1335111666.73956 0.558008 2.495348 3.066331325 
1335111666.84741 0.551136 2.495404 3.104988325 
1335111666.95568 0.546696 2.495377 3.081832325 
1335111667.06555 0.540785 2.496215 3.061836325 
1335111667.17408 0.535877 2.495659 3.113896325 
1335111667.23398 0.532445 2.494070 3.072855325 
1335111667.34124 0.529794 2.494876 3.101517325 
1335111667.45335 0.524065 2.493948 3.066222325 
1335111667.56074 0.523692 2.495098 3.057770325 
1335111667.668 0.519023 2.495506 3.016488325 
1335111667.77639 0.518743 2.494483 -3.108769975 
1335111667.83628 0.516943 2.492593 -2.848108975 
1335111667.94351 0.517603 2.490135 -2.591826975 
1335111668.05143 0.515800 2.486325 -2.348000975 
1335111668.15947 0.513180 2.482024 -2.223419975 
1335111668.26784 0.510891 2.475920 -2.067129975 
1335111668.37636 0.510233 2.471326 -1.979640975 
1335111668.43603 0.508538 2.467403 -1.851687975 
1335111668.54749 0.506598 2.463837 -1.729788975 
1335111668.65564 0.506791 2.457840 -1.710145975 
1335111668.76413 0.506748 2.451715 -1.726309975 
1335111668.87255 0.505499 2.447229 -1.671300975 
1335111668.93246 0.504202 2.441942 -1.676320975 
1335111669.04114 0.502667 2.435393 -1.674682975 
1335111669.14927 0.501746 2.431379 -1.651687975 
1335111669.25749 0.501619 2.426950 -1.593015975 
1335111669.36628 0.501280 2.421564 -1.587819975 
1335111669.47455 0.501560 2.416586 -1.580402975 
1335111669.53454 0.501626 2.411041 -1.557852675 
1335111669.64543 0.500352 2.406537 -1.600617975 
1335111669.75276 0.499864 2.399687 -1.626446975 
1335111669.86103 0.498815 2.395693 -1.601257975 
1335111669.96884 0.497579 2.389876 -1.603608975 
1335111670.07729 0.496942 2.384821 -1.593464975 
1335111670.1374 0.497130 2.379596 -1.589558975 
1335111670.24447 0.497096 2.375029 -1.580113975 
1335111670.3528 0.497088 2.369747 -1.545899675 
1335111670.46117 0.495846 2.365540 -1.565741675 
1335111670.56984 0.496581 2.359518 -1.581417975 
1335111670.68189 0.495235 2.355121 -1.584316975 
1335111670.74238 0.494397 2.349653 -1.575324975 
1335111670.84955 0.494598 2.343714 -1.619138975 
1335111670.95826 0.493521 2.339371 -1.605239975 
1335111671.06725 0.493051 2.333798 -1.600969975 
1335111671.17602 0.492507 2.328836 -1.576349975 
1335111671.23575 0.492762 2.323828 -1.590906975 
1335111671.34287 0.492415 2.318985 -1.582493975 
1335111671.45102 0.491742 2.314294 -1.573010975 
1335111671.55876 0.492571 2.309205 -1.543270675 
1335111671.67147 0.490695 2.304433 -1.534064675 
1335111671.7798 0.490542 2.298691 -1.576674975 
1335111671.84013 0.490844 2.293483 -1.566663675 
1335111671.94765 0.490537 2.288209 -1.580854975 
1335111672.05606 0.490820 2.282758 -1.574242975 
1335111672.16452 0.489786 2.276842 -1.552304675 
1335111672.27301 0.489098 2.272099 -1.570563675 
1335111672.333 0.489721 2.266560 -1.589041975 
1335111672.43989 0.488589 2.261614 -1.571426975 
1335111672.54447 0.488887 2.256069 -1.546859675 
1335111672.65237 0.488667 2.251790 -1.559510675 
1335111672.76572 0.488678 2.246841 -1.586072975 
1335111672.87363 0.487853 2.241731 -1.586365975 
1335111672.93375 0.487932 2.236896 -1.558033675 
1335111673.04249 0.487311 2.231375 -1.580392975 
1335111673.15045 0.486485 2.225880 -1.583141975 
1335111673.2579 0.486693 2.220179 -1.554179675 
1335111673.36642 0.486577 2.216133 -1.567253675 
1335111673.47513 0.487065 2.210031 -1.557878675 
1335111673.53509 0.486167 2.203837 -1.562100675 
1335111673.64217 0.485301 2.198995 -1.562389675 
1335111673.75428 0.485507 2.194383 -1.566982675 
1335111673.86277 0.484164 2.188996 -1.565664675 
1335111673.971 0.484966 2.183806 -1.551617675 
1335111674.079 0.484748 2.179628 -1.566412675 
1335111674.13936 0.484611 2.173762 -1.594646975 
1335111674.24663 0.484336 2.168912 -1.565739675 
1335111674.35491 0.484380 2.163894 -1.574981975 
1335111674.46322 0.484371 2.157881 -1.596624975 
1335111674.57063 0.483319 2.153308 -1.556349675 
1335111674.67872 0.484070 2.147787 -1.578347975 
1335111674.73878 0.483928 2.142241 -1.584537975 
1335111674.85037 0.483977 2.137128 -1.558008675 
1335111674.95276 0.483779 2.131567 -1.530403675 
1335111675.05593 0.484234 2.126643 -1.550646675 
1335111675.1646 0.484449 2.121683 -1.571379975 
1335111675.27282 0.482277 2.116857 -1.582971975 
1335111675.33297 0.482965 2.111155 -1.539605675 
1335111675.44011 0.483422 2.106417 -1.535496675 
1335111675.54802 0.481356 2.101027 -1.545619675 
1335111675.65612 0.482026 2.095663 -1.565842675 
1335111675.76486 0.482226 2.091236 -1.574449975 
1335111675.8773 0.481690 2.086065 -1.576099975 
1335111675.93742 0.481606 2.080101 -1.560617675 
1335111676.04487 0.481809 2.077017 -1.534668675 
1335111676.15291 0.482050 2.070329 -1.576808975 
1335111676.2611 0.481562 2.065107 -1.553982675 
1335111676.36943 0.481312 2.061021 -1.570173675 
1335111676.47781 0.482078 2.054655 -1.577549975 
1335111676.53775 0.481183 2.050188 -1.535847675 
1335111676.6447 0.481937 2.044936 -1.557309675 
1335111676.7495 0.481806 2.038831 -1.571353975 
1335111676.86211 0.481392 2.034589 -1.549695675 
1335111676.96913 0.481845 2.028436 -1.537564675 
1335111677.0788 0.482218 2.023737 -1.569404675 
1335111677.13897 0.482160 2.019177 -1.558008675 
1335111677.2462 0.482044 2.013053 -1.544485675 
1335111677.35434 0.482234 2.008355 -1.594212975 
1335111677.46282 0.481590 2.003682 -1.544601675 
1335111677.57103 0.480119 1.997757 -1.565636675 
1335111677.67918 0.480571 1.993157 -1.558301675 
1335111677.73929 0.481411 1.988010 -1.534861675 
1335111677.84683 0.480173 1.982864 -1.570356675 
1335111677.95944 0.479426 1.977222 -1.575716975 
1335111678.06707 0.480567 1.971478 -1.545402675 
1335111678.17564 0.480285 1.967205 -1.536473675 
1335111678.23562 0.479508 1.961158 -1.570278675 
1335111678.34261 0.480745 1.956139 -1.550286675 
1335111678.45068 0.480228 1.951677 -1.549617675 
1335111678.55827 0.480319 1.944962 -1.586173975 
1335111678.6668 0.480049 1.940426 -1.545598675 
1335111678.77541 0.479649 1.935985 -1.540427675 
1335111678.83527 0.480441 1.930433 -1.576808975 
1335111678.94673 0.480159 1.924989 -1.560524675 
1335111679.05625 0.480046 1.920240 -1.529217675 
1335111679.16486 0.480159 1.914632 -1.561768675 
1335111679.27304 0.480847 1.909265 -1.549227675 
1335111679.33297 0.480479 1.904544 -1.518741675 
1335111679.44008 0.480560 1.899358 -1.565282675 
1335111679.54771 0.481002 1.893586 -1.538207675 
1335111679.65579 0.480676 1.888893 -1.508993675 
1335111679.76456 0.480704 1.883629 -1.551774675 
1335111679.87293 0.481209 1.878052 -1.555370675 
1335111679.93302 0.481587 1.873162 -1.538626675 
1335111680.04359 0.480737 1.868164 -1.546600675 
1335111680.15161 0.480585 1.862105 -1.580153975 
1335111680.25939 0.481858 1.857019 -1.536076675 
1335111680.36791 0.481275 1.852397 -1.569288675 
1335111680.47629 0.481099 1.846820 -1.580153975 
1335111680.53613 0.481257 1.841799 -1.543096675 
1335111680.6435 0.481398 1.837522 -1.543794675 
1335111680.7517 0.481231 1.830652 -1.548658675 
1335111680.85961 0.481607 1.826199 -1.560827675 
1335111680.96802 0.481305 1.820736 -1.578983975 
1335111681.08168 0.481690 1.815419 -1.548658675 
1335111681.14221 0.481529 1.810555 -1.564611675 
1335111681.24973 0.482030 1.805103 -1.543769675 
1335111681.35835 0.481954 1.800183 -1.547673675 
1335111681.46679 0.481513 1.794829 -1.550573675 
1335111681.57549 0.482200 1.789708 -1.563619675 
1335111681.63538 0.481946 1.784507 -1.534928675 
1335111681.74253 0.481693 1.779834 -1.563166675 
1335111681.85063 0.481455 1.774487 -1.543359675 
1335111681.95845 0.481930 1.769605 -1.544041675 
1335111682.07161 0.481572 1.764220 -1.542025675 
1335111682.17949 0.482074 1.758625 -1.549111675 
1335111682.23967 0.481034 1.754313 -1.523721675 
1335111682.34706 0.481498 1.748424 -1.549945675 
1335111682.45537 0.481586 1.743276 -1.543278675 
1335111682.56371 0.481327 1.738685 -1.524259675 
1335111682.67195 0.480904 1.733018 -1.534108675 
1335111682.77998 0.481677 1.727710 -1.527483675 
1335111682.83994 0.481782 1.723070 -1.533802675 
1335111682.94735 0.480488 1.717752 -1.535045675 
1335111683.05689 0.481494 1.712339 -1.566039675 
1335111683.17037 0.481770 1.706410 -1.574609975 
1335111683.27887 0.480573 1.701866 -1.539680675 
1335111683.33887 0.481376 1.695787 -1.587319975 
1335111683.44619 0.481852 1.691421 -1.571493975 
1335111683.55433 0.480464 1.686769 -1.516987675 
1335111683.66274 0.480628 1.680694 -1.570364675 
1335111683.77124 0.481867 1.676036 -1.545543675 
1335111683.87926 0.481159 1.670876 -1.522811675 
1335111683.93948 0.480799 1.665073 -1.568550675 
1335111684.047 0.482492 1.660082 -1.531213675 
1335111684.15938 0.481238 1.655689 -1.507317675 
1335111684.26772 0.481353 1.649051 -1.536454675 
1335111684.37645 0.482335 1.644157 -1.531112675 
1335111684.43624 0.482717 1.639432 -1.550638675 
1335111684.54328 0.482103 1.633918 -1.521175675 
1335111684.65111 0.482759 1.628045 -1.554326675 
1335111684.75819 0.482937 1.623388 -1.567222675 
1335111684.86615 0.482099 1.618930 -1.522883675 
1335111684.97438 0.482747 1.612562 -1.591253975 
1335111685.03568 0.483068 1.607850 -1.549230675 
1335111685.14285 0.482712 1.603532 -1.538436675 
1335111685.25407 0.481929 1.597156 -1.562493675 
1335111685.36252 0.483088 1.592583 -1.543128675 
1335111685.47085 0.482806 1.587675 -1.524447675 
1335111685.5789 0.482039 1.581181 -1.547366675 
1335111685.63896 0.483537 1.576172 -1.550418675 
1335111685.74637 0.482878 1.571856 -1.524471675 
1335111685.8543 0.483043 1.566316 -1.553233675 
1335111685.96261 0.483053 1.559786 -1.583655975 
1335111686.07113 0.483168 1.555823 -1.533775675 
1335111686.17934 0.483633 1.550701 -1.533869675 
1335111686.23936 0.483389 1.544507 -1.561007675 
1335111686.35087 0.483865 1.539582 -1.559679675 
1335111686.45854 0.483997 1.535093 -1.525280675 
1335111686.56711 0.485018 1.529136 -1.573578975 
1335111686.67557 0.485436 1.524026 -1.550062675 
1335111686.73544 0.485539 1.519810 -1.511499675 
1335111686.84271 0.485638 1.513160 -1.540463675 
1335111686.95095 0.485672 1.508595 -1.565603675 
1335111687.06033 0.486639 1.503450 -1.537588675 
1335111687.16859 0.485694 1.498057 -1.537086675 
1335111687.27716 0.486020 1.491563 -1.537523675 
1335111687.33699 0.486831 1.487383 -1.530671675 
1335111687.44725 0.487974 1.482406 -1.531126675 
1335111687.55544 0.485829 1.475506 -1.535627675 
1335111687.66392 0.486852 1.471053 -1.539577675 
1335111687.77127 0.486988 1.465321 -1.516265675 
1335111687.87955 0.487506 1.460030 -1.552911675 
1335111687.93974 0.486030 1.455097 -1.556623675 
1335111688.04722 0.487373 1.449687 -1.524116675 
1335111688.15569 0.486336 1.444713 -1.542347675 
1335111688.26423 0.486749 1.438672 -1.576908975 
1335111688.3725 0.487129 1.434464 -1.517543675 
1335111688.48362 0.486600 1.429309 -1.528887675 
1335111688.54402 0.486667 1.422545 -1.555091675 
1335111688.65132 0.487912 1.417962 -1.540858675 
1335111688.75927 0.486567 1.413157 -1.489738675 
1335111688.86778 0.487279 1.406694 -1.544720675 
1335111688.97634 0.487113 1.401612 -1.563801675 
1335111689.0374 0.487662 1.395849 -1.544149675 
1335111689.14475 0.487570 1.391238 -1.529766675 
1335111689.25255 0.488044 1.385639 -1.548694675 
1335111689.36074 0.487878 1.380245 -1.544685675 
1335111689.47303 0.487882 1.376129 -1.538693675 
1335111689.53331 0.489280 1.370481 -1.548022675 
1335111689.64012 0.488155 1.365409 -1.551661675 
1335111689.74802 0.488123 1.361385 -1.521494675 
1335111689.85611 0.489093 1.355296 -1.559866675 
1335111689.96482 0.488292 1.349691 -1.548774675 
1335111690.0733 0.488525 1.345126 -1.528583675 
1335111690.13338 0.489068 1.339640 -1.524595675 
1335111690.24039 0.489213 1.333336 -1.572679975 
1335111690.34841 0.490553 1.328962 -1.532933675 
1335111690.45654 0.491656 1.324015 -1.534616675 
1335111690.56917 0.490709 1.317465 -1.537086675 
1335111690.67763 0.490927 1.313338 -1.540528675 
1335111690.73747 0.491381 1.308825 -1.532481675 
1335111690.84464 0.492490 1.301873 -1.552765675 
1335111690.95271 0.490719 1.297606 -1.540423675 
1335111691.0612 0.491671 1.292846 -1.502558675 
1335111691.17045 0.491433 1.286344 -1.539875675 
1335111691.2789 0.491597 1.282015 -1.558580675 
1335111691.33877 0.491704 1.276830 -1.513580675 
1335111691.44609 0.491205 1.271137 -1.538644675 
1335111691.55837 0.492187 1.265297 -1.582675975 
1335111691.66505 0.491573 1.260352 -1.538432675 
1335111691.77378 0.491782 1.255225 -1.530985675 
1335111691.83383 0.491919 1.249803 -1.570428675 
1335111691.94053 0.492297 1.243724 -1.535979675 
1335111692.04849 0.491207 1.239302 -1.534853675 
1335111692.15674 0.493107 1.233595 -1.553794675 
1335111692.26446 0.492153 1.228118 -1.537163675 
1335111692.37242 0.491925 1.223667 -1.546511675 
1335111692.48024 0.493043 1.218428 -1.543875675 
1335111692.54035 0.492910 1.212790 -1.543811675 
1335111692.65162 0.493243 1.208755 -1.529706675 
1335111692.75959 0.493478 1.203449 -1.552647675 
1335111692.86815 0.494620 1.199125 -1.552699675 
1335111692.97671 0.495198 1.194501 -1.536605675 
1335111693.03772 0.494618 1.188295 -1.556597675 
1335111693.14505 0.494444 1.184209 -1.536573675 
1335111693.25287 0.495712 1.178710 -1.502558675 
1335111693.36056 0.494957 1.171783 -1.529226675 
1335111693.4678 0.497014 1.168003 -1.521881675 
1335111693.57622 0.495052 1.162889 -1.502183675 
1335111693.63606 0.495137 1.156671 -1.536168675 
1335111693.74725 0.495429 1.150961 -1.564930675 
1335111693.85536 0.495183 1.146813 -1.516431675 
1335111693.96385 0.494581 1.140588 -1.545888675 
1335111694.07234 0.495392 1.135080 -1.589320975 
1335111694.1803 0.494854 1.131045 -1.532376675 
1335111694.24058 0.494599 1.124623 -1.540050675 
1335111694.34785 0.496751 1.119344 -1.574611975 
1335111694.456 0.495137 1.114341 -1.524269675 
1335111694.56418 0.495602 1.109943 -1.535891675 
1335111694.67247 0.496070 1.103524 -1.550758675 
1335111694.7847 0.496863 1.098707 -1.564677675 
1335111694.84506 0.497004 1.093250 -1.532505675 
1335111694.95273 0.496800 1.088528 -1.562846675 
1335111695.06177 0.497808 1.084426 -1.527508675 
1335111695.17007 0.498348 1.077838 -1.509503675 
1335111695.27857 0.498396 1.071810 -1.536836675 
1335111695.33848 0.499809 1.068050 -1.495666675 
1335111695.44587 0.498212 1.062306 -1.494064675 
1335111695.55353 0.498242 1.055984 -1.527362675 
1335111695.66152 0.498595 1.050272 -1.558389675 
1335111695.77411 0.497971 1.046566 -1.502410675 
1335111695.83414 0.498195 1.040428 -1.561677675 
1335111695.94128 0.498954 1.035998 -1.561610675 
1335111696.0491 0.497555 1.031386 -1.534572675 
1335111696.15735 0.499628 1.027568 -1.564432675 
1335111696.26618 0.498196 1.023800 -1.555986675 
1335111696.37442 0.498387 1.022151 -1.543684675 
1335111696.43422 0.498387 1.022151 -1.543684675 
1335111696.54112 0.498387 1.022151 -1.543684675 
1335111696.6489 0.498387 1.022151 -1.543684675 
1335111696.75688 0.498387 1.022151 -1.543684675 
1335111696.86911 0.498387 1.022151 -1.543684675 
1335111696.97935 0.498387 1.022151 -1.543684675 
1335111697.04056 0.498387 1.022151 -1.543684675 
1335111697.14764 0.498387 1.022151 -1.543684675 
1335111697.25457 0.498387 1.022151 -1.543684675 
1335111697.36268 0.498387 1.022151 -1.543684675 
1335111697.46937 0.498387 1.022151 -1.543684675 
1335111697.57752 0.498387 1.022151 -1.543684675 
1335111697.63709 0.498387 1.022151 -1.543684675 
1335111697.74393 0.498387 1.022151 -1.543684675 
1335111697.85554 0.498387 1.022151 -1.543684675 
1335111697.96365 0.498387 1.022151 -1.543684675 
1335111698.07165 0.498387 1.022151 -1.543684675 
1335111698.17971 0.498387 1.022151 -1.543684675 
1335111698.23938 0.498387 1.022151 -1.543684675 
1335111698.34651 0.498387 1.022151 -1.543684675 
1335111698.45413 0.498387 1.022151 -1.543684675 
1335111698.56202 0.498387 1.022151 -1.543684675 
1335111698.66697 0.498387 1.022151 -1.543684675 
1335111698.77461 0.498387 1.022151 -1.543684675 
1335111698.83435 0.498387 1.022151 -1.543684675 
1335111698.9452 0.498387 1.022151 -1.543684675 
1335111699.05021 0.498387 1.022151 -1.543684675 
1335111699.15813 0.498387 1.022151 -1.543684675 
1335111699.26631 0.498387 1.022151 -1.543684675 
1335111699.37451 0.498387 1.022151 -1.543684675 
1335111699.43431 0.498387 1.022151 -1.543684675 
1335111699.54116 0.498387 1.022151 -1.543684675 
1335111699.64871 0.498387 1.022151 -1.543684675 
1335111699.75662 0.498387 1.022151 -1.543684675 
1335111699.86394 0.498387 1.022151 -1.543684675 
1335111699.97675 0.498387 1.022151 -1.543684675 
1335111700.03654 0.498387 1.022151 -1.543684675 
1335111700.14341 0.498387 1.022151 -1.543684675 
1335111700.25094 0.498387 1.022151 -1.543684675 
1335111700.35921 0.498387 1.022151 -1.543684675 
1335111700.46737 0.498387 1.022151 -1.543684675 
1335111700.57557 0.498387 1.022151 -1.543684675 
1335111700.63536 0.498387 1.022151 -1.543684675 
1335111700.74167 0.498387 1.022151 -1.543684675 
1335111700.84935 0.498387 1.022151 -1.543684675 
1335111700.96145 0.498387 1.022151 -1.543684675 
1335111701.07069 0.498387 1.022151 -1.543684675 
1335111701.17875 0.498387 1.022151 -1.543684675 
1335111701.23844 0.498387 1.022151 -1.543684675 
1335111701.3452 0.498387 1.022151 -1.543684675 
1335111701.45289 0.498387 1.022151 -1.543684675 
1335111701.56023 0.498387 1.022151 -1.543684675 
1335111701.66769 0.498387 1.022151 -1.543684675 
1335111701.77605 0.498387 1.022151 -1.543684675 
1335111701.835 0.498387 1.022151 -1.543684675 
1335111701.94184 0.498387 1.022151 -1.543684675 
1335111702.05352 0.498387 1.022151 -1.543684675 
1335111702.16098 0.498387 1.022151 -1.543684675 
1335111702.26812 0.498387 1.022151 -1.543684675 
1335111702.37621 0.498387 1.022151 -1.543684675 
1335111702.43583 0.498387 1.022151 -1.543684675 
1335111702.54266 0.498387 1.022151 -1.543684675 
1335111702.6502 0.498387 1.022151 -1.543684675 
1335111702.75824 0.498387 1.022151 -1.543684675 
1335111702.86527 0.498387 1.022151 -1.543684675 
1335111702.97333 0.498387 1.022151 -1.543684675 
1335111703.03433 0.498387 1.022151 -1.543684675 
1335111703.14717 0.498387 1.022151 -1.543684675 
1335111703.25654 0.498387 1.022151 -1.543684675 
1335111703.36588 0.498387 1.022151 -1.543684675 
1335111703.47385 0.498387 1.022151 -1.543684675 
1335111703.58138 0.498387 1.022151 -1.543684675 
1335111703.64134 0.498387 1.022151 -1.543684675 
1335111703.76453 0.498387 1.022151 -1.543684675 
1335111703.87274 0.498387 1.022151 -1.543684675 
1335111703.98127 0.498387 1.022151 -1.543684675 
1335111704.04203 0.498387 1.022151 -1.543684675 
