1335017634.27572 1.748179 1.211578 -0.435370675 
1335017634.4332 1.748157 1.211288 -0.432051675 
1335017634.48183 1.748319 1.211567 -0.430993675 
1335017634.80849 1.748179 1.211578 -0.435370675 
1335017634.85291 1.748507 1.211323 -0.422055675 
1335017634.90913 1.747947 1.211398 -0.439764675 
1335017634.97491 1.748179 1.211578 -0.435370675 
1335017635.02539 1.748179 1.211578 -0.435370675 
1335017635.09281 1.748507 1.211323 -0.422055675 
1335017635.26742 1.748484 1.211447 -0.437578675 
1335017635.31637 1.750948 1.209817 -0.479348675 
1335017635.39435 1.752554 1.207466 -0.493984675 
1335017635.54241 1.752840 1.206074 -0.516098675 
1335017635.59979 1.757775 1.205119 -0.552137675 
1335017635.68492 1.760013 1.204266 -0.544305675 
1335017635.83128 1.763256 1.200830 -0.625066675 
1335017635.88256 1.764985 1.199150 -0.633791675 
1335017635.97487 1.768747 1.196230 -0.641591675 
1335017636.06694 1.771237 1.194759 -0.704729675 
1335017636.16321 1.773328 1.192355 -0.693002675 
1335017636.25731 1.775803 1.189555 -0.733438675 
1335017636.35731 1.778847 1.186546 -0.740779675 
1335017636.45734 1.781651 1.185212 -0.778684675 
1335017636.55738 1.782903 1.181468 -0.791408675 
1335017636.66206 1.785791 1.178791 -0.812160675 
1335017636.76635 1.789111 1.175526 -0.878840675 
1335017636.87163 1.790836 1.173480 -0.848664675 
1335017636.97609 1.793423 1.169127 -0.917231675 
1335017637.08209 1.796380 1.166597 -0.918297675 
1335017637.1921 1.796571 1.164018 -0.903543675 
1335017637.29789 1.799578 1.159534 -0.942457675 
1335017637.40301 1.801946 1.156986 -1.039335675 
1335017637.46204 1.802875 1.154870 -1.017709675 
1335017637.5669 1.802239 1.151734 -0.990250675 
1335017637.67211 1.806407 1.147198 -1.076696675 
1335017637.77752 1.808285 1.143663 -1.107552675 
1335017637.88256 1.808770 1.140874 -1.088436675 
1335017637.98763 1.811189 1.137787 -1.193371675 
1335017638.09384 1.812153 1.134388 -1.170619675 
1335017638.20386 1.812879 1.129734 -1.229415675 
1335017638.26275 1.813945 1.125500 -1.256489675 
1335017638.36757 1.814436 1.122721 -1.237138675 
1335017638.47263 1.815358 1.118025 -1.280174675 
1335017638.57823 1.815603 1.116849 -1.253546675 
1335017638.68354 1.817188 1.110999 -1.313804675 
1335017638.78919 1.816093 1.108881 -1.310440675 
1335017638.89457 1.818092 1.103916 -1.381543675 
1335017639.00025 1.818316 1.101349 -1.361492675 
1335017639.0598 1.819176 1.096729 -1.417070675 
1335017639.16419 1.818422 1.091928 -1.441967675 
1335017639.27344 1.819606 1.089738 -1.470343675 
1335017639.37883 1.818768 1.085353 -1.510077675 
1335017639.48424 1.818754 1.082550 -1.481587675 
1335017639.58701 1.818497 1.078322 -1.546517675 
1335017639.69241 1.817351 1.073957 -1.573881975 
1335017639.79841 1.816003 1.071211 -1.565036675 
1335017639.85743 1.815830 1.067906 -1.620697975 
1335017639.9619 1.815403 1.063306 -1.703785975 
1335017640.06728 1.815192 1.060335 -1.664340975 
1335017640.17242 1.815900 1.055570 -1.708421975 
1335017640.28214 1.813761 1.053802 -1.746553975 
1335017640.38776 1.813321 1.049114 -1.798237975 
1335017640.49325 1.812032 1.044617 -1.796299975 
1335017640.59942 1.810214 1.042556 -1.803076975 
1335017640.65817 1.809177 1.038165 -1.849544975 
1335017640.76266 1.807492 1.035696 -1.875803975 
1335017640.86739 1.806133 1.032138 -1.941980975 
1335017640.97254 1.804564 1.028901 -1.933847975 
1335017641.07948 1.804138 1.024740 -1.939661975 
1335017641.18261 1.801996 1.021840 -1.963639975 
1335017641.29332 1.798062 1.019072 -2.010354975 
1335017641.39921 1.797722 1.015879 -2.036413975 
1335017641.45833 1.796071 1.012858 -2.064083975 
1335017641.56101 1.792070 1.009980 -2.078211975 
1335017641.66725 1.791372 1.006166 -2.080517975 
1335017641.77348 1.789317 1.004606 -2.127511975 
1335017641.87706 1.786984 1.000979 -2.201102975 
1335017641.9694 1.784799 0.997720 -2.163514975 
1335017642.06131 1.780306 0.994551 -2.246990975 
1335017642.15766 1.779245 0.992880 -2.228915975 
1335017642.25764 1.777211 0.990218 -2.246848975 
1335017642.35765 1.773769 0.987120 -2.292873975 
1335017642.45762 1.771500 0.985316 -2.319980975 
1335017642.5577 1.768287 0.982640 -2.383707975 
1335017642.6667 1.765284 0.980084 -2.375194975 
1335017643.05384 1.761118 0.977319 -2.445284975 
1335017643.14695 1.759425 0.975862 -2.466021975 
1335017643.20306 1.754918 0.973992 -2.482955975 
1335017643.26414 1.752951 0.972616 -2.457980975 
1335017643.30926 1.749609 0.969692 -2.521437975 
1335017643.36824 1.746962 0.968210 -2.529834975 
1335017643.41357 1.743406 0.965101 -2.615042975 
1335017643.47251 1.740066 0.963969 -2.618494975 
1335017643.60086 1.736269 0.963714 -2.622394975 
1335017643.65985 1.733528 0.961793 -2.642788975 
1335017643.78033 1.729830 0.959194 -2.698461975 
1335017643.88551 1.724690 0.958425 -2.730090975 
1335017644.00567 1.722439 0.958439 -2.757886975 
1335017644.06402 1.718119 0.957665 -2.801613975 
1335017644.18259 1.715718 0.956900 -2.792995975 
1335017644.3017 1.711628 0.954801 -2.835736975 
1335017644.64269 1.706312 0.956141 -2.890122975 
1335017644.69236 1.704689 0.953568 -2.888136975 
1335017644.73778 1.699997 0.953464 -2.924387975 
1335017644.78307 1.695980 0.952953 -2.948620975 
1335017644.82832 1.693946 0.953022 -2.993443975 
1335017644.874 1.688193 0.952826 -3.020887975 
1335017645.0086 1.686049 0.952730 -3.036377975 
1335017645.11255 1.681263 0.953002 -3.082077975 
1335017645.16056 1.677680 0.953028 -3.068139975 
1335017645.28465 1.675023 0.953099 -3.136496975 
1335017645.37536 1.668720 0.953493 3.110465325 
1335017645.48681 1.667418 0.953159 3.116471325 
1335017645.61411 1.662618 0.954244 3.078341325 
1335017645.66874 1.659371 0.953501 3.083062325 
1335017645.81452 1.656269 0.954835 3.036793325 
1335017645.87328 1.651572 0.955664 2.966678325 
1335017646.01534 1.648876 0.955928 2.975993325 
1335017646.0715 1.644730 0.957992 2.934671325 
1335017646.2047 1.642058 0.958467 2.932683325 
1335017646.26349 1.637644 0.960928 2.895120325 
1335017646.40847 1.633623 0.960543 2.822841325 
1335017646.52447 1.630749 0.961925 2.879777325 
1335017646.56015 1.627333 0.962547 2.773071325 
1335017646.7006 1.624175 0.965080 2.765878325 
1335017646.80842 1.620101 0.965390 2.752560325 
1335017646.87008 1.617072 0.967561 2.735715325 
1335017647.00451 1.614035 0.968573 2.698036325 
1335017647.12476 1.610542 0.971612 2.669542325 
1335017647.18373 1.607705 0.973903 2.622471325 
1335017647.32071 1.604189 0.975016 2.596385325 
1335017647.37938 1.601474 0.976414 2.579363325 
1335017647.52395 1.597916 0.980195 2.524901325 
1335017647.56763 1.595371 0.981698 2.544258325 
1335017647.7125 1.592325 0.984662 2.496001325 
1335017647.75956 1.589344 0.987567 2.465143325 
1335017647.90447 1.586207 0.989973 2.393976325 
1335017648.02067 1.582855 0.991848 2.448450325 
1335017648.07939 1.581537 0.994368 2.408155325 
1335017648.21649 1.577618 0.998148 2.326708325 
1335017648.26783 1.575922 0.999817 2.309481325 
1335017648.3967 1.572591 1.004204 2.289343325 
1335017648.553 1.571075 1.006713 2.285060325 
1335017648.5996 1.568615 1.008593 2.259872325 
1335017648.65816 1.565832 1.011716 2.214060325 
1335017648.81162 1.564484 1.013506 2.224484325 
1335017648.9244 1.562165 1.018225 2.180945325 
1335017648.98504 1.560216 1.020389 2.141963325 
1335017649.12036 1.558552 1.025158 2.107441325 
1335017649.17898 1.557270 1.028518 2.046463325 
1335017649.31647 1.553973 1.031129 2.064589325 
1335017649.4204 1.553212 1.033946 2.080822325 
1335017649.47953 1.552198 1.037699 2.009105325 
1335017649.61271 1.550262 1.041986 1.963863325 
1335017649.67151 1.548251 1.045256 1.945647325 
1335017649.81647 1.547289 1.048489 1.925080325 
1335017649.92039 1.547343 1.051517 1.914132325 
1335017649.97942 1.546666 1.054971 1.901072325 
1335017650.12039 1.544102 1.059674 1.838193325 
1335017650.17898 1.543145 1.063544 1.829481325 
1335017650.32353 1.541451 1.067011 1.757523325 
1335017650.36415 1.541611 1.070259 1.776455325 
1335017650.49671 1.541363 1.073610 1.765508325 
1335017650.64917 1.541494 1.076589 1.739738325 
1335017650.69672 1.541051 1.082054 1.717652325 
1335017650.85267 1.540983 1.084273 1.678240325 
1335017650.88928 1.540884 1.088178 1.650936325 
1335017651.0202 1.541189 1.092752 1.645427325 
1335017651.08034 1.541195 1.094712 1.590745325 
1335017651.21668 1.541087 1.099925 1.568115325 
1335017651.27536 1.540902 1.102834 1.551532325 
1335017651.41862 1.541211 1.106498 1.515720325 
1335017651.45967 1.541765 1.110824 1.514130325 
1335017651.60717 1.541566 1.112961 1.460266325 
1335017651.72039 1.541931 1.116866 1.468780325 
1335017651.7791 1.541607 1.122169 1.369922325 
1335017651.92551 1.543596 1.124845 1.385034325 
1335017651.97128 1.545490 1.128363 1.344764325 
1335017652.11556 1.546610 1.131747 1.291393325 
1335017652.23123 1.547447 1.135933 1.305688325 
1335017652.28826 1.547623 1.140395 1.249229325 
1335017652.40875 1.548914 1.142817 1.249691325 
1335017652.46946 1.550776 1.146910 1.219631325 
1335017652.60847 1.553083 1.149331 1.178107325 
1335017652.70872 1.553767 1.153057 1.182471325 
1335017652.76172 1.554336 1.158152 1.105010325 
1335017652.91207 1.558141 1.159842 1.083306325 
1335017652.9595 1.559232 1.162664 1.082298325 
1335017653.08465 1.560089 1.165961 1.068574325 
1335017653.18974 1.562742 1.169972 1.004571325 
1335017653.2592 1.565446 1.172463 1.002360325 
1335017653.37262 1.566330 1.177250 0.986577325 
1335017653.4756 1.569225 1.178134 0.915456325 
1335017653.61263 1.571878 1.182324 0.891559325 
1335017653.65836 1.572973 1.183961 0.928656325 
1335017653.78446 1.577268 1.186839 0.866919325 
1335017653.88783 1.577844 1.188991 0.858780325 
1335017654.01389 1.581674 1.192983 0.788093325 
1335017654.06178 1.584298 1.194757 0.801952325 
1335017654.18864 1.586700 1.198192 0.712785325 
1335017654.29221 1.589777 1.200023 0.710344325 
1335017654.35925 1.592517 1.202261 0.711984325 
1335017654.48465 1.595914 1.203577 0.682402325 
1335017654.58916 1.598474 1.205508 0.638036325 
1335017654.65928 1.601993 1.207822 0.614002325 
1335017654.79352 1.604628 1.210520 0.570487325 
1335017654.92772 1.608547 1.211565 0.569357325 
1335017654.97328 1.611495 1.214411 0.536325325 
1335017655.10464 1.613642 1.215131 0.516835325 
1335017655.20894 1.618400 1.215912 0.454727325 
1335017655.27799 1.621251 1.218007 0.503235325 
1335017655.41185 1.625568 1.219738 0.410833325 
1335017655.54666 1.628298 1.222370 0.392450325 
1335017655.59178 1.632304 1.222934 0.363385325 
1335017655.72564 1.635579 1.222922 0.363953325 
1335017655.77121 1.638913 1.225036 0.350116325 
1335017655.90502 1.642477 1.225486 0.290204325 
1335017656.03499 1.646317 1.226423 0.354254325 
1335017656.08166 1.649645 1.227810 0.312890325 
1335017656.22073 1.653234 1.230146 0.335743325 
1335017656.27953 1.655807 1.230205 0.333354325 
1335017656.4127 1.660514 1.231739 0.352826325 
1335017656.47173 1.661995 1.234010 0.393534325 
1335017656.61271 1.666468 1.236403 0.390272325 
1335017656.67179 1.669336 1.236404 0.418522325 
1335017656.80483 1.671887 1.238540 0.490059325 
1335017656.8636 1.675870 1.241003 0.464153325 
1335017656.98475 1.679096 1.242951 0.496734325 
1335017657.12866 1.679839 1.244136 0.560696325 
1335017657.17419 1.684775 1.246627 0.556604325 
1335017657.30421 1.687702 1.248937 0.570945325 
1335017657.37996 1.690172 1.251250 0.628306325 
1335017657.49076 1.692667 1.254012 0.618966325 
1335017657.61625 1.696907 1.254430 0.654300325 
1335017657.66429 1.697878 1.258002 0.686593325 
1335017657.78865 1.699838 1.260741 0.740010325 
1335017657.87926 1.703218 1.264230 0.729576325 
1335017658.00068 1.705914 1.266874 0.749270325 
1335017658.10696 1.708220 1.268606 0.807336325 
1335017658.17414 1.709751 1.270606 0.846743325 
1335017658.30844 1.713189 1.274203 0.840423325 
1335017658.44023 1.715901 1.277227 0.876602325 
1335017658.47104 1.716446 1.279369 0.893589325 
1335017658.59222 1.718129 1.283888 0.960168325 
1335017658.71279 1.720765 1.286051 0.950090325 
1335017658.75857 1.722786 1.289098 0.997601325 
1335017658.88465 1.725646 1.293280 0.995929325 
1335017658.97629 1.726509 1.296735 1.037354325 
1335017659.06879 1.726844 1.298409 1.103319325 
1335017659.21685 1.727599 1.302157 1.111732325 
1335017659.3316 1.731066 1.305901 1.153033325 
1335017659.38813 1.732214 1.308481 1.160575325 
1335017659.52039 1.733143 1.313360 1.172260325 
1335017659.58272 1.735176 1.316345 1.209679325 
1335017659.71272 1.735437 1.320163 1.238618325 
1335017659.77174 1.737004 1.323875 1.268753325 
1335017659.91579 1.736706 1.326184 1.318937325 
1335017659.95945 1.737434 1.331034 1.312961325 
1335017660.107 1.738277 1.333984 1.354613325 
1335017660.22895 1.737407 1.337997 1.373358325 
1335017660.287 1.739991 1.341514 1.393219325 
1335017660.43304 1.737588 1.346108 1.373268325 
1335017660.4759 1.740094 1.348898 1.440864325 
1335017660.61647 1.740211 1.352209 1.491866325 
1335017660.73279 1.739722 1.355543 1.509779325 
1335017660.78916 1.740682 1.359467 1.516180325 
1335017660.92846 1.738088 1.364816 1.516569325 
1335017660.96587 1.738740 1.367667 1.597665325 
1335017661.11449 1.739431 1.370464 1.626272325 
1335017661.21927 1.737863 1.374346 1.632021325 
1335017661.28861 1.737464 1.378602 1.661683325 
1335017661.40304 1.736849 1.380721 1.722104325 
1335017661.49246 1.737294 1.384622 1.743728325 
1335017661.64013 1.737073 1.388422 1.756068325 
1335017661.68389 1.736115 1.391193 1.801866325 
1335017661.81273 1.735704 1.395497 1.797331325 
1335017661.87168 1.733425 1.398113 1.845217325 
1335017662.01588 1.731755 1.402188 1.864759325 
1335017662.05941 1.730891 1.405824 1.880707325 
1335017662.21132 1.729102 1.408629 1.940595325 
1335017662.31659 1.728504 1.412122 1.952170325 
1335017662.59648 1.726311 1.415481 1.978082325 
1335017662.65658 1.723621 1.416059 2.082216325 
1335017662.70388 1.723062 1.422300 1.993008325 
1335017662.76373 1.720119 1.425589 2.042550325 
1335017662.81027 1.718546 1.427846 2.108747325 
1335017662.8704 1.717864 1.432419 2.126461325 
1335017663.00454 1.715912 1.436044 2.102640325 
1335017663.06535 1.710883 1.439277 2.111021325 
1335017663.21768 1.710291 1.440393 2.209673325 
1335017663.26331 1.708827 1.443523 2.226568325 
1335017663.39794 1.705994 1.443874 2.279794325 
1335017663.53393 1.702579 1.448884 2.252189325 
1335017663.5701 1.701235 1.451873 2.258069325 
1335017663.70432 1.699619 1.454130 2.260578325 
1335017663.77923 1.697673 1.458640 2.236166325 
1335017663.90102 1.694460 1.459935 2.224339325 
1335017663.97016 1.693653 1.463982 2.217716325 
1335017664.08846 1.690262 1.466543 2.187347325 
1335017664.19158 1.689086 1.470503 2.125835325 
1335017664.32117 1.688338 1.473261 2.150847325 
1335017664.3824 1.683550 1.474615 2.128977325 
1335017664.52039 1.683689 1.480029 2.063088325 
1335017664.57944 1.682146 1.483650 2.080490325 
1335017664.71271 1.681883 1.487399 2.015417325 
1335017664.77209 1.677671 1.491609 1.909513325 
1335017664.88874 1.677408 1.495037 1.953566325 
1335017665.01594 1.677233 1.497603 1.929027325 
1335017665.07676 1.676075 1.501038 1.932388325 
1335017665.20472 1.675549 1.505484 1.882324325 
1335017665.26387 1.673916 1.506360 1.935180325 
1335017665.39673 1.671015 1.510271 1.889384325 
1335017665.53117 1.671892 1.515306 1.832526325 
1335017665.58912 1.671122 1.518882 1.787225325 
1335017665.70478 1.671023 1.522766 1.747774325 
1335017665.76616 1.670713 1.526207 1.729015325 
1335017665.88514 1.671089 1.530207 1.693585325 
1335017666.02038 1.671547 1.533417 1.674238325 
1335017666.07921 1.670745 1.537324 1.659353325 
1335017666.21271 1.670725 1.541092 1.613846325 
1335017666.27194 1.671001 1.544430 1.610396325 
1335017666.40472 1.671010 1.548143 1.563457325 
1335017666.46366 1.671345 1.552332 1.506962325 
1335017666.58475 1.671149 1.555250 1.515812325 
1335017666.72465 1.671380 1.559660 1.471502325 
1335017666.78349 1.671790 1.563144 1.463148325 
1335017666.92073 1.671650 1.566174 1.446599325 
1335017666.97955 1.672109 1.568692 1.454472325 
1335017667.09674 1.674060 1.573911 1.415741325 
1335017667.23286 1.675998 1.577516 1.358039325 
1335017667.2899 1.677219 1.579866 1.343163325 
1335017667.40546 1.678450 1.584025 1.316374325 
1335017667.48257 1.678435 1.588129 1.255663325 
1335017667.61222 1.679226 1.590688 1.255652325 
1335017667.69594 1.681950 1.594231 1.192098325 
1335017667.76323 1.683728 1.597033 1.214782325 
1335017667.89798 1.684466 1.601428 1.172304325 
1335017668.03263 1.686958 1.603612 1.139799325 
1335017668.07809 1.689628 1.607241 1.089064325 
1335017668.19622 1.689668 1.610996 1.058550325 
1335017668.30861 1.691316 1.613216 1.086556325 
1335017668.43265 1.695222 1.617132 1.009021325 
1335017668.47817 1.696939 1.619364 1.021408325 
1335017668.60464 1.696777 1.621290 1.025488325 
1335017668.72466 1.701842 1.625592 0.937153325 
1335017668.77059 1.702696 1.629695 0.915442325 
1335017668.90453 1.705349 1.630975 0.904744325 
1335017669.03269 1.708370 1.632821 0.906401325 
1335017669.07833 1.709297 1.637536 0.886049325 
1335017669.20023 1.711762 1.638865 0.909028325 
1335017669.2866 1.714605 1.642885 0.876887325 
1335017669.42717 1.717233 1.645533 0.911941325 
1335017669.47448 1.719168 1.647348 0.972284325 
1335017669.59624 1.720781 1.651831 0.939285325 
1335017669.69622 1.723677 1.654478 0.985536325 
1335017669.78839 1.725787 1.656777 1.028294325 
1335017669.90805 1.726800 1.661938 1.020519325 
1335017669.97457 1.727710 1.663674 1.078348325 
1335017670.09249 1.729915 1.668249 1.087935325 
1335017670.19637 1.732070 1.669368 1.146821325 
1335017670.26234 1.733407 1.673925 1.119703325 
1335017670.38865 1.734397 1.677958 1.171901325 
1335017670.49732 1.736140 1.681530 1.201552325 
1335017670.56688 1.736721 1.683643 1.262257325 
1335017670.70166 1.737253 1.688587 1.216976325 
1335017670.8204 1.738196 1.690827 1.291666325 
1335017670.88384 1.739872 1.695663 1.305872325 
1335017671.01375 1.739843 1.697641 1.386334325 
1335017671.08422 1.741332 1.702083 1.343951325 
1335017671.22071 1.741483 1.706088 1.373620325 
1335017671.27942 1.741835 1.710371 1.406178325 
1335017671.41671 1.742872 1.712788 1.415370325 
1335017671.47539 1.745034 1.715198 1.532862325 
1335017671.62047 1.743431 1.720235 1.495338325 
1335017671.72888 1.743545 1.723465 1.520388325 
1335017671.78749 1.743663 1.728484 1.554094325 
1335017671.92037 1.743366 1.730625 1.587313325 
1335017671.98243 1.743029 1.734076 1.652818325 
1335017672.1274 1.742239 1.738478 1.639065325 
1335017672.16844 1.741732 1.742572 1.634733325 
1335017672.31481 1.740060 1.746216 1.704828325 
1335017672.41451 1.739515 1.748225 1.751332325 
1335017672.48639 1.739411 1.753259 1.702919325 
1335017672.63247 1.738927 1.755756 1.789522325 
1335017672.66422 1.738442 1.759682 1.776579325 
1335017672.80551 1.738260 1.763660 1.818335325 
1335017672.92738 1.737043 1.765979 1.855925325 
1335017672.98615 1.734755 1.770332 1.881197325 
1335017673.11272 1.732625 1.773740 1.917933325 
1335017673.17195 1.732424 1.775046 1.924600325 
1335017673.31623 1.730939 1.781282 1.924537325 
1335017673.3596 1.729952 1.783130 1.997568325 
1335017673.50447 1.727887 1.785296 2.043367325 
1335017673.63052 1.726679 1.787691 2.091474325 
1335017673.68756 1.723124 1.793299 2.088304325 
1335017673.82474 1.721308 1.795264 2.103360325 
1335017673.88329 1.720747 1.799687 2.097142325 
1335017674.02447 1.719838 1.801177 2.148521325 
1335017674.06124 1.716063 1.804592 2.202031325 
1335017674.20865 1.713431 1.807880 2.154963325 
1335017674.33646 1.711928 1.811332 2.254980325 
1335017674.37365 1.710707 1.812438 2.281511325 
1335017674.51709 1.707559 1.816213 2.277943325 
1335017674.55963 1.703906 1.819074 2.286334325 
1335017674.71163 1.703049 1.820684 2.346460325 
1335017674.77067 1.700396 1.822809 2.397170325 
1335017674.91579 1.695529 1.824167 2.392637325 
1335017674.95961 1.693867 1.829388 2.429241325 
1335017675.09643 1.692448 1.830699 2.466286325 
1335017675.16723 1.687918 1.832455 2.494239325 
1335017675.30848 1.684807 1.835628 2.453028325 
1335017675.42473 1.683636 1.837113 2.520231325 
1335017675.48351 1.677953 1.838850 2.529413325 
1335017675.62852 1.675932 1.840238 2.593713325 
1335017675.67125 1.673316 1.841211 2.623168325 
1335017675.81966 1.668481 1.844238 2.629660325 
1335017675.86011 1.666496 1.846231 2.618076325 
1335017676.00447 1.664909 1.847504 2.701650325 
1335017676.12039 1.659228 1.848203 2.668923325 
1335017676.179 1.656054 1.849471 2.782101325 
1335017676.31272 1.653388 1.851420 2.752032325 
1335017676.37174 1.648553 1.850589 2.770590325 
1335017676.51641 1.646254 1.853347 2.800168325 
1335017676.63101 1.642640 1.853747 2.841675325 
1335017676.69029 1.637877 1.856595 2.899133325 
1335017676.82892 1.636647 1.856994 2.916033325 
1335017676.88763 1.630547 1.857326 2.906771325 
1335017677.01641 1.628833 1.858293 2.969087325 
1335017677.07632 1.624585 1.858452 2.954930325 
1335017677.21947 1.620264 1.858271 3.010572325 
1335017677.27812 1.617090 1.858862 3.027458325 
1335017677.42124 1.612396 1.858747 3.024337325 
1335017677.46335 1.610158 1.858556 3.103774325 
1335017677.60847 1.606409 1.859637 3.096721325 
1335017677.72466 1.601619 1.858839 -3.138200975 
1335017677.78337 1.599813 1.858857 -3.116976975 
1335017677.89652 1.594192 1.858616 -3.141419975 
1335017677.98914 1.591838 1.858248 -3.055969975 
1335017678.12067 1.588030 1.858450 -3.048037975 
1335017678.16744 1.583860 1.858010 -3.032324975 
1335017678.30086 1.580994 1.857850 -2.958059975 
1335017678.4358 1.575898 1.856299 -2.996090975 
1335017678.48142 1.573077 1.857033 -2.921664975 
1335017678.61548 1.569962 1.854091 -2.938326975 
1335017678.66147 1.564616 1.852706 -2.915232975 
1335017678.79249 1.562497 1.852402 -2.865378975 
1335017678.91249 1.559558 1.851043 -2.839323975 
1335017679.00376 1.555369 1.850083 -2.817704975 
1335017679.06173 1.553205 1.849422 -2.761506975 
1335017679.18051 1.546955 1.847936 -2.758496975 
1335017679.31498 1.545548 1.846347 -2.723662975 
1335017679.36091 1.541945 1.844375 -2.717788975 
1335017679.49538 1.538093 1.842451 -2.718913975 
1335017679.61248 1.535807 1.840937 -2.642131975 
1335017679.71679 1.532933 1.838969 -2.625193975 
1335017679.79338 1.528609 1.837455 -2.599583975 
1335017679.92464 1.526371 1.834874 -2.591037975 
1335017679.97039 1.523485 1.833198 -2.568397975 
1335017680.10475 1.519899 1.831628 -2.577787975 
1335017680.23957 1.516822 1.829718 -2.521233975 
1335017680.28503 1.512808 1.825717 -2.616385975 
1335017680.39252 1.511175 1.825371 -2.545578975 
1335017680.49814 1.506658 1.823735 -2.603409975 
1335017680.56628 1.504876 1.822306 -2.614100975 
1335017680.70105 1.499043 1.819965 -2.638922975 
1335017680.83552 1.497489 1.819034 -2.632674975 
1335017680.8811 1.493657 1.817877 -2.670669975 
1335017681.02091 1.490721 1.816386 -2.699150975 
1335017681.06696 1.487465 1.813572 -2.749754975 
1335017681.20092 1.482484 1.813339 -2.768042975 
1335017681.31649 1.480897 1.812619 -2.748515975 
1335017681.36337 1.476128 1.812513 -2.824487975 
1335017681.49779 1.472675 1.810849 -2.806021975 
1335017681.63214 1.468883 1.811039 -2.847372975 
1335017681.67783 1.464589 1.808624 -2.882860975 
1335017681.81172 1.462799 1.806968 -2.887531975 
1335017681.95051 1.458202 1.807189 -2.960232975 
1335017681.99586 1.454041 1.807230 -2.956243975 
1335017682.12867 1.451477 1.806738 -2.973520975 
1335017682.17434 1.446440 1.806963 -3.046056975 
1335017682.30838 1.444826 1.806419 -2.999283975 
1335017682.41653 1.439856 1.807073 -3.067133975 
1335017682.69669 1.464589 1.808624 -2.882860975 
1335017682.75647 1.433561 1.806658 -3.096926975 
1335017682.80431 1.428251 1.806797 3.122250325 
1335017682.86403 1.426015 1.807783 3.103959325 
1335017682.91061 1.421976 1.807508 3.092089325 
1335017682.97073 1.417058 1.808624 3.059700325 
1335017683.09903 1.415043 1.809847 3.038730325 
1335017683.22465 1.409889 1.811531 3.006841325 
1335017683.27051 1.406899 1.809893 2.966331325 
1335017683.3885 1.404173 1.813004 2.951124325 
1335017683.52315 1.398845 1.813132 2.896614325 
1335017683.56896 1.397672 1.813986 2.928014325 
1335017683.70342 1.392570 1.815242 2.871737325 
1335017683.80856 1.389924 1.817379 2.845057325 
1335017683.91411 1.386322 1.819208 2.817575325 
1335017683.98208 1.382924 1.819788 2.822992325 
1335017684.12684 1.380193 1.820002 2.788071325 
1335017684.17268 1.375638 1.821302 2.737963325 
1335017684.28845 1.373734 1.824627 2.731585325 
1335017684.42353 1.369378 1.825803 2.668801325 
1335017684.46928 1.367537 1.828183 2.677661325 
1335017684.60342 1.362935 1.831172 2.615483325 
1335017684.7125 1.362479 1.831595 2.636200325 
1335017684.84063 1.357402 1.833721 2.577528325 
1335017684.88611 1.355447 1.836588 2.591520325 
1335017685.01502 1.351485 1.837889 2.520128325 
1335017685.06141 1.350258 1.842125 2.499162325 
1335017685.20105 1.345496 1.843798 2.459883325 
1335017685.3205 1.343880 1.845955 2.474211325 
1335017685.36709 1.341341 1.848388 2.414894325 
1335017685.50162 1.339098 1.850591 2.427948325 
1335017685.63622 1.336542 1.853316 2.406584325 
1335017685.6819 1.333561 1.856375 2.352663325 
1335017685.80846 1.332597 1.859973 2.299532325 
1335017685.93263 1.329497 1.862649 2.283600325 
1335017685.97864 1.327036 1.867018 2.234785325 
1335017686.0925 1.326858 1.868324 2.284622325 
1335017686.22472 1.323524 1.871138 2.216318325 
1335017686.27064 1.321672 1.873909 2.184555325 
1335017686.40484 1.320780 1.878751 2.155680325 
1335017686.51253 1.317900 1.880541 2.139360325 
1335017686.56019 1.315415 1.885822 2.087891325 
1335017686.68864 1.315418 1.886542 2.109089325 
1335017686.81264 1.313258 1.891507 2.067925325 
1335017686.92051 1.312029 1.893150 2.058535325 
1335017686.96819 1.309917 1.898211 1.991675325 
1335017687.07207 1.309156 1.901336 1.992143325 
1335017687.23094 1.308887 1.904846 1.984275325 
1335017687.28008 1.306287 1.906520 1.977081325 
1335017687.41592 1.305647 1.911685 1.936483325 
1335017687.47467 1.304902 1.915802 1.856650325 
1335017687.61797 1.304054 1.917823 1.888621325 
1335017687.73629 1.303588 1.922487 1.817302325 
1335017687.7918 1.302951 1.925712 1.804322325 
1335017687.93636 1.303228 1.929293 1.801896325 
1335017687.98002 1.302902 1.933992 1.736202325 
1335017688.12459 1.302054 1.936742 1.750658325 
1335017688.1677 1.303173 1.941027 1.699056325 
1335017688.31716 1.302502 1.943557 1.681885325 
1335017688.43111 1.303276 1.947602 1.677787325 
1335017688.49137 1.302836 1.951792 1.606135325 
1335017688.61675 1.302716 1.954592 1.605579325 
1335017688.67014 1.303374 1.959113 1.556159325 
1335017688.80447 1.302953 1.962361 1.565793325 
1335017688.9204 1.303879 1.965961 1.537874325 
1335017688.97901 1.304573 1.969722 1.473618325 
1335017689.11272 1.304445 1.972557 1.510400325 
1335017689.17176 1.305897 1.977127 1.442449325 
1335017689.3199 1.306713 1.979240 1.472875325 
1335017689.36333 1.307847 1.983278 1.388548325 
1335017689.51102 1.309339 1.987197 1.400231325 
1335017689.62833 1.310128 1.990564 1.362212325 
1335017689.68728 1.311042 1.995087 1.318277325 
1335017689.82473 1.312090 1.996604 1.301468325 
1335017689.88331 1.314198 2.001802 1.248472325 
1335017690.02447 1.315467 2.005089 1.243006325 
1335017690.06132 1.317198 2.008368 1.217390325 
1335017690.20863 1.318834 2.010291 1.217122325 
1335017690.32886 1.321451 2.014675 1.137748325 
1335017690.38786 1.322456 2.017617 1.135757325 
1335017690.52447 1.324641 2.020028 1.111852325 
1335017690.56168 1.326985 2.024095 1.107652325 
1335017690.70906 1.329429 2.026031 1.034934325 
1335017690.82842 1.331453 2.028584 1.056697325 
1335017690.8873 1.333605 2.032755 0.959962325 
1335017691.01246 1.336385 2.034932 0.993649325 
1335017691.06533 1.338267 2.038067 0.951563325 
1335017691.20847 1.340436 2.040264 0.952136325 
1335017691.32645 1.342211 2.045127 0.974188325 
1335017691.38481 1.344321 2.047739 1.004484325 
1335017691.52071 1.347046 2.050469 0.999995325 
1335017691.57957 1.348685 2.052601 1.003067325 
1335017691.72291 1.351364 2.055584 1.028110325 
1335017691.76396 1.352029 2.057764 1.130773325 
1335017691.91147 1.354023 2.062856 1.106641325 
1335017692.02845 1.356564 2.066095 1.100258325 
1335017692.08736 1.357778 2.068684 1.129197325 
1335017692.22363 1.358849 2.072875 1.148893325 
1335017692.28213 1.360715 2.075653 1.205748325 
1335017692.43289 1.361952 2.079195 1.244174325 
1335017692.47521 1.363436 2.082927 1.264658325 
1335017692.61668 1.363673 2.086493 1.281191325 
1335017692.67546 1.364828 2.089715 1.329914325 
1335017692.81712 1.366891 2.094142 1.315370325 
1335017692.92844 1.367405 2.096604 1.357369325 
1335017692.994 1.368154 2.100058 1.384061325 
1335017693.14505 1.368898 2.104474 1.423303325 
1335017693.18558 1.369169 2.107126 1.447043325 
1335017693.33103 1.369438 2.111050 1.448845325 
1335017693.37197 1.370407 2.114108 1.506130325 
1335017693.50905 1.369884 2.118876 1.468709325 
1335017693.56061 1.371014 2.122160 1.522817325 
1335017693.70422 1.371143 2.124837 1.534536325 
1335017693.79513 1.371040 2.129378 1.523796325 
1335017693.883 1.371322 2.132509 1.577364325 
1335017694.00872 1.371865 2.136433 1.589177325 
1335017694.06784 1.371582 2.139961 1.624163325 
1335017694.18877 1.371072 2.143604 1.660712325 
1335017694.32438 1.370972 2.148627 1.661299325 
1335017694.3832 1.370501 2.150594 1.709074325 
1335017694.51671 1.370414 2.154073 1.723897325 
1335017694.57372 1.369961 2.158199 1.706778325 
1335017694.68883 1.368947 2.161455 1.793765325 
1335017694.82438 1.368715 2.165945 1.768884325 
1335017694.88313 1.368297 2.169995 1.825600325 
1335017695.0125 1.366135 2.173868 1.818371325 
1335017695.07988 1.364873 2.176321 1.883263325 
1335017695.22115 1.363542 2.179285 1.907499325 
1335017695.27996 1.363057 2.181283 1.944823325 
1335017695.42188 1.361256 2.187503 1.911281325 
1335017695.48069 1.360654 2.190030 1.984000325 
1335017695.62865 1.358362 2.194921 1.990615325 
1335017695.68834 1.357368 2.197711 2.034768325 
1335017695.81673 1.355027 2.200108 2.033049325 
1335017695.87592 1.353743 2.203916 2.063484325 
1335017696.01911 1.351031 2.207838 2.092220325 
1335017696.07789 1.350784 2.210079 2.119304325 
1335017696.21286 1.347690 2.213506 2.124575325 
1335017696.27189 1.345876 2.216215 2.163394325 
1335017696.40069 1.344176 2.218927 2.217794325 
1335017696.54791 1.342149 2.221254 2.253811325 
1335017696.59602 1.338886 2.225307 2.226524325 
1335017696.72862 1.337081 2.227044 2.265885325 
1335017696.77422 1.334418 2.230021 2.318743325 
1335017696.90843 1.332236 2.233334 2.318604325 
1335017697.03496 1.328709 2.235713 2.338009325 
1335017697.08055 1.326610 2.237079 2.384422325 
1335017697.21297 1.324282 2.240376 2.419321325 
1335017697.34778 1.321180 2.243459 2.398895325 
1335017697.393 1.317732 2.245168 2.445496325 
1335017697.52021 1.314643 2.247583 2.481826325 
1335017697.61468 1.312679 2.249269 2.497481325 
1335017697.6859 1.307687 2.250663 2.557250325 
1335017697.81644 1.307209 2.253231 2.551560325 
1335017697.86225 1.302549 2.256351 2.560369325 
1335017697.99691 1.299677 2.257110 2.584083325 
1335017698.13254 1.295666 2.258770 2.662085325 
1335017698.1624 1.293743 2.260594 2.667172325 
1335017698.29686 1.289268 2.261361 2.667594325 
1335017698.42022 1.286668 2.263023 2.725290325 
1335017698.50967 1.282458 2.266044 2.728816325 
1335017698.57801 1.278296 2.265497 2.777496325 
1335017698.7172 1.276111 2.267554 2.762123325 
1335017698.763 1.271978 2.267703 2.821523325 
1335017698.89305 1.269122 2.269490 2.821006325 
1335017699.01079 1.265178 2.270606 2.880990325 
1335017699.10644 1.260926 2.269483 2.906475325 
1335017699.17415 1.257690 2.271099 2.931282325 
1335017699.30802 1.254273 2.272436 3.005060325 
1335017699.44255 1.250702 2.271826 2.960938325 
1335017699.48789 1.246604 2.272307 3.055362325 
1335017699.62177 1.243641 2.272651 3.031152325 
1335017699.66748 1.239775 2.273377 3.075578325 
1335017699.79648 1.235875 2.272968 3.120126325 
1335017699.8999 1.231632 2.273172 3.079778325 
1335017699.96667 1.228070 2.272925 -3.109609975 
1335017700.09265 1.225085 2.272574 -3.095484975 
1335017700.19314 1.220745 2.272603 -3.087552975 
1335017700.29998 1.218650 2.272683 -3.063456975 
1335017700.3898 1.213262 2.271258 -3.032656975 
1335017700.50876 1.210555 2.272193 -2.994823975 
1335017700.56989 1.205530 2.271317 -3.002374975 
1335017700.71247 1.203169 2.271161 -2.942585975 
1335017700.84529 1.199218 2.270506 -2.883004975 
1335017700.88805 1.195156 2.269012 -2.911921975 
1335017701.0125 1.191916 2.267585 -2.841533975 
1335017701.0746 1.188659 2.266906 -2.857646975 
1335017701.21853 1.183595 2.264874 -2.842418975 
1335017701.27719 1.181337 2.264226 -2.798253975 
1335017701.41996 1.178126 2.263497 -2.740197975 
1335017701.46323 1.174397 2.262382 -2.716998975 
1335017701.60847 1.171256 2.260757 -2.681939975 
1335017701.72356 1.167758 2.258259 -2.667266975 
1335017701.78231 1.164186 2.256412 -2.667457975 
1335017701.92896 1.161275 2.255446 -2.608584975 
1335017701.98691 1.158215 2.253161 -2.612256975 
1335017702.1244 1.155176 2.250241 -2.556815975 
1335017702.18921 1.152251 2.247540 -2.556511975 
1335017702.33247 1.149427 2.245275 -2.513318975 
1335017702.36946 1.147027 2.243006 -2.514754975 
1335017702.51603 1.143143 2.241775 -2.465106975 
1335017702.63485 1.141225 2.239079 -2.456691975 
1335017702.6933 1.137237 2.235272 -2.458938975 
1335017702.83896 1.135284 2.234176 -2.380084975 
1335017702.88009 1.133175 2.231229 -2.367339975 
1335017703.01338 1.130258 2.228212 -2.317782975 
1335017703.07416 1.128234 2.224991 -2.346570975 
1335017703.20471 1.125502 2.223812 -2.260745975 
1335017703.3284 1.124161 2.219314 -2.267081975 
1335017703.38707 1.121913 2.217000 -2.234700975 
1335017703.52336 1.118365 2.214232 -2.212035975 
1335017703.5821 1.116568 2.211137 -2.169541975 
1335017703.90049 1.115803 2.207033 -2.171061975 
1335017703.97165 1.112698 2.205400 -2.095060975 
1335017704.01805 1.110752 2.202856 -2.097769975 
1335017704.07777 1.109165 2.198050 -2.104520975 
1335017704.12402 1.107945 2.194858 -2.043677975 
1335017704.18371 1.106217 2.191305 -2.028305975 
1335017704.33278 1.105369 2.187633 -2.010915975 
1335017704.3897 1.103496 2.185182 -1.998948975 
1335017704.52847 1.101545 2.181923 -1.934130975 
1335017704.56587 1.100896 2.177932 -1.918989975 
1335017704.71347 1.099640 2.174168 -1.903307975 
1335017704.83184 1.099263 2.171098 -1.887464975 
1335017704.8997 1.098739 2.166870 -1.857964975 
1335017705.02839 1.098909 2.163997 -1.828066975 
1335017705.08804 1.097488 2.159338 -1.841901975 
1335017705.22047 1.096655 2.157017 -1.763811975 
1335017705.26557 1.096417 2.152149 -1.764225975 
1335017705.40886 1.096218 2.148947 -1.748895975 
1335017705.53472 1.094926 2.145333 -1.701250975 
1335017705.59197 1.095127 2.140370 -1.692439975 
1335017705.70722 1.095416 2.138291 -1.659560975 
1335017705.77356 1.094892 2.133728 -1.612352975 
1335017705.91247 1.095942 2.129704 -1.632601975 
1335017706.0284 1.095830 2.126695 -1.574847975 
1335017706.08706 1.096525 2.122839 -1.561476675 
1335017706.21256 1.096529 2.119655 -1.555465675 
1335017706.26558 1.096583 2.114768 -1.514372675 
1335017706.41666 1.097533 2.111485 -1.501812675 
1335017706.53459 1.098042 2.108055 -1.478499675 
1335017706.59004 1.099232 2.103520 -1.484199675 
1335017706.72872 1.099739 2.101990 -1.430125675 
1335017706.78732 1.100192 2.096617 -1.414260675 
1335017706.93006 1.100991 2.094564 -1.365436675 
1335017706.97569 1.102823 2.090755 -1.348154675 
1335017707.11647 1.104692 2.087708 -1.316478675 
1335017707.22931 1.105643 2.084049 -1.303882675 
1335017707.28828 1.107080 2.080042 -1.266333675 
1335017707.43862 1.108709 2.076612 -1.264924675 
1335017707.48013 1.109849 2.074113 -1.199113675 
1335017707.6087 1.111547 2.070689 -1.195383675 
1335017707.72457 1.114141 2.067843 -1.165642675 
1335017707.78362 1.116185 2.064076 -1.127318675 
1335017707.92072 1.117555 2.060757 -1.140942675 
1335017707.97933 1.119684 2.057865 -1.123009675 
1335017708.12047 1.122229 2.054888 -1.088701675 
1335017708.24279 1.124567 2.051448 -1.060105675 
1335017708.28832 1.126561 2.049382 -1.021073675 
1335017708.42077 1.128716 2.046279 -1.007060675 
1335017708.46656 1.130996 2.044170 -0.985430675 
1335017708.60095 1.134087 2.040638 -0.946827675 
1335017708.72048 1.135872 2.039091 -0.937016675 
1335017708.7669 1.138911 2.035995 -0.891808675 
1335017708.9013 1.142049 2.033749 -0.850164675 
1335017709.02864 1.144876 2.030833 -0.839101675 
1335017709.07457 1.147983 2.028490 -0.839005675 
1335017709.20523 1.150002 2.026468 -0.802411675 
1335017709.33978 1.153537 2.024775 -0.763990675 
1335017709.38535 1.156247 2.021860 -0.754265675 
1335017709.50449 1.159674 2.020672 -0.725941675 
1335017709.64043 1.162564 2.018828 -0.658787675 
1335017709.68599 1.165744 2.016689 -0.661895675 
1335017709.81264 1.168672 2.014456 -0.652663675 
1335017709.91736 1.172884 2.012580 -0.620190675 
1335017709.98601 1.174894 2.011776 -0.566117675 
1335017710.11264 1.179345 2.010219 -0.543008675 
1335017710.21625 1.182401 2.009648 -0.512367675 
1335017710.27886 1.185344 2.006783 -0.491838675 
1335017710.40822 1.189047 2.007062 -0.447769675 
1335017710.52295 1.193221 2.004736 -0.444810675 
1335017710.56864 1.197070 2.004147 -0.424275675 
1335017710.70318 1.199669 2.001599 -0.435282675 
1335017710.82426 1.204467 2.001375 -0.422043675 
1335017710.86354 1.206822 2.000541 -0.422669675 
1335017710.98865 1.210892 1.999892 -0.438002675 
1335017711.08082 1.213979 1.996720 -0.458481675 
1335017711.20792 1.217100 1.996065 -0.498857675 
1335017711.26723 1.220780 1.993751 -0.490456675 
1335017711.40191 1.223926 1.992939 -0.532803675 
1335017711.50994 1.227625 1.990697 -0.543394675 
1335017711.56886 1.230548 1.988506 -0.582783675 
1335017711.70073 1.232816 1.986879 -0.584537675 
1335017711.83531 1.236140 1.984898 -0.609210675 
1335017711.89364 1.238966 1.982192 -0.626436675 
1335017712.02473 1.241884 1.980854 -0.675302675 
1335017712.08401 1.245089 1.978612 -0.702446675 
1335017712.20073 1.248350 1.976557 -0.721061675 
1335017712.2617 1.250775 1.974363 -0.748906675 
1335017712.3808 1.253010 1.971599 -0.789251675 
1335017712.53398 1.256340 1.968445 -0.784242675 
1335017712.58852 1.258604 1.966145 -0.798332675 
1335017712.71674 1.260975 1.963161 -0.860342675 
1335017712.7761 1.263389 1.960631 -0.875583675 
1335017712.90073 1.266189 1.958056 -0.895524675 
1335017713.02846 1.267867 1.955558 -0.907285675 
1335017713.08848 1.269759 1.952780 -0.948856675 
1335017713.22471 1.272336 1.949501 -0.960599675 
1335017713.28343 1.274855 1.946369 -1.009866675 
1335017713.41672 1.276453 1.943547 -1.038686675 
1335017713.47584 1.278344 1.939830 -1.039829675 
1335017713.5968 1.279707 1.937225 -1.067916675 
1335017713.72453 1.281614 1.933906 -1.070925675 
1335017713.78372 1.284670 1.930924 -1.100790675 
1335017713.91671 1.285414 1.925820 -1.158159675 
1335017713.97581 1.287314 1.923782 -1.181768675 
1335017714.10072 1.288425 1.921041 -1.178451675 
1335017714.22839 1.289557 1.917756 -1.193825675 
1335017714.28739 1.290616 1.912992 -1.243135675 
1335017714.42468 1.291591 1.909366 -1.281317675 
1335017714.48339 1.293162 1.905931 -1.298321675 
1335017714.61671 1.293936 1.903152 -1.307323675 
1335017714.67608 1.294567 1.899519 -1.336428675 
1335017714.80073 1.295822 1.895022 -1.386395675 
1335017714.95766 1.296210 1.893124 -1.345134675 
1335017715.00417 1.296494 1.888643 -1.412463675 
1335017715.0636 1.296700 1.883714 -1.476235675 
1335017715.21127 1.296809 1.881854 -1.427630675 
1335017715.27024 1.297144 1.877496 -1.525213675 
1335017715.40471 1.297614 1.874303 -1.512301675 
1335017715.46357 1.296859 1.870410 -1.532173675 
1335017715.61642 1.297432 1.865700 -1.575144975 
1335017715.66225 1.296747 1.863140 -1.551362675 
1335017715.79677 1.296602 1.859273 -1.644912975 
1335017715.90464 1.296512 1.856717 -1.609527975 
1335017716.00821 1.296168 1.852399 -1.656529975 
1335017716.06813 1.296702 1.847692 -1.719800975 
1335017716.20251 1.295441 1.846378 -1.702161975 
1335017716.30864 1.294256 1.841576 -1.750463975 
1335017716.41254 1.293448 1.838660 -1.716783975 
1335017716.51249 1.292722 1.834569 -1.782716975 
1335017716.58202 1.291625 1.829140 -1.839382975 
1335017716.71647 1.290461 1.828257 -1.822173975 
1335017716.76227 1.288920 1.823514 -1.868127975 
1335017716.88047 1.288363 1.821450 -1.852925975 
1335017717.00484 1.286564 1.817078 -1.915545975 
1335017717.1097 1.285178 1.813924 -1.936887975 
1335017717.17809 1.283726 1.810513 -1.949890975 
1335017717.30822 1.282772 1.809051 -1.948866975 
1335017717.38392 1.280905 1.804872 -2.007014975 
1335017717.50864 1.278838 1.800887 -2.053792975 
1335017717.60886 1.277132 1.799098 -2.039899975 
1335017717.68925 1.273992 1.795248 -2.063119975 
1335017717.82466 1.272362 1.792692 -2.107293975 
1335017717.87062 1.270982 1.787783 -2.138562975 
1335017718.00422 1.268930 1.786596 -2.163362975 
1335017718.11263 1.266470 1.783067 -2.180822975 
1335017718.21444 1.263880 1.781346 -2.193419975 
1335017718.26202 1.260241 1.778938 -2.232146975 
1335017718.38865 1.259622 1.775296 -2.252847975 
1335017718.493 1.255524 1.773854 -2.276423975 
1335017718.56326 1.253649 1.769678 -2.317811975 
1335017718.6765 1.253060 1.766806 -2.347868975 
1335017718.81552 1.247933 1.764855 -2.378620975 
1335017718.87217 1.246371 1.763233 -2.393863975 
1335017719.0067 1.242565 1.761417 -2.420350975 
1335017719.07924 1.239045 1.758652 -2.447992975 
1335017719.19282 1.235824 1.757409 -2.467439975 
1335017719.34762 1.232188 1.755928 -2.506194975 
1335017719.39868 1.229341 1.753725 -2.533549975 
1335017719.54157 1.227566 1.750142 -2.550506975 
1335017719.59517 1.223225 1.750901 -2.568727975 
1335017719.72074 1.219245 1.748009 -2.598751975 
1335017719.78049 1.217191 1.747055 -2.606939975 
1335017719.91671 1.212962 1.745701 -2.656725975 
1335017719.97565 1.210461 1.744918 -2.633437975 
1335017720.09275 1.206427 1.741742 -2.707962975 
1335017720.22439 1.203541 1.741153 -2.727202975 
1335017720.28354 1.199581 1.740610 -2.756096975 
1335017720.41667 1.195695 1.739557 -2.794669975 
1335017720.47567 1.192720 1.738479 -2.782036975 
1335017720.60472 1.188316 1.736766 -2.850843975 
1335017720.66365 1.184831 1.735584 -2.849597975 
1335017720.78474 1.181610 1.736236 -2.899689975 
1335017720.92474 1.177394 1.735734 -2.915691975 
1335017720.9842 1.174214 1.735489 -2.904091975 
1335017721.12337 1.170318 1.734792 -2.998498975 
1335017721.18216 1.168688 1.732244 -2.914395975 
1335017721.3167 1.163101 1.734720 -3.012693975 
1335017721.37569 1.159451 1.733705 -3.049662975 
1335017721.50069 1.156558 1.734238 -3.029219975 
1335017721.6488 1.152554 1.734879 -3.086587975 
1335017721.69918 1.150831 1.733113 -3.043237975 
1335017721.82872 1.144967 1.735064 -3.140236975 
1335017721.88822 1.141072 1.735855 3.089011325 
1335017722.02466 1.137285 1.735177 3.090541325 
1335017722.07069 1.134057 1.736172 3.037500325 
1335017722.20516 1.129572 1.736788 3.040603325 
1335017722.34024 1.127148 1.736669 3.025622325 
1335017722.37059 1.122771 1.737580 2.974538325 
1335017722.50488 1.119556 1.740603 2.938452325 
1335017722.61264 1.116553 1.741376 2.926463325 
1335017722.71616 1.113328 1.741563 2.908307325 
1335017722.78238 1.109082 1.743013 2.891442325 
1335017722.91626 1.106044 1.744092 2.834058325 
1335017722.96208 1.103109 1.746853 2.808572325 
1335017723.10254 1.098210 1.747802 2.788305325 
1335017723.23685 1.096512 1.749069 2.810042325 
1335017723.2823 1.092458 1.750406 2.752389325 
1335017723.41614 1.090091 1.753023 2.749749325 
1335017723.55107 1.085397 1.754830 2.676112325 
1335017723.59619 1.084216 1.755275 2.718253325 
1335017723.73008 1.079030 1.758668 2.636010325 
1335017723.77574 1.077041 1.760025 2.613293325 
1335017723.90952 1.073281 1.762432 2.601668325 
1335017724.04101 1.072633 1.763564 2.633611325 
1335017724.30048 1.067344 1.767309 2.517658325 
1335017724.36106 1.065390 1.769227 2.515270325 
1335017724.40793 1.061726 1.772427 2.468441325 
1335017724.4677 1.060488 1.773626 2.481006325 
1335017724.51435 1.057122 1.777574 2.442036325 
1335017724.57459 1.054564 1.779356 2.405778325 
1335017724.72462 1.053140 1.782554 2.399499325 
1335017724.78326 1.049454 1.785234 2.357507325 
1335017724.92071 1.047787 1.787797 2.309178325 
1335017724.97955 1.046069 1.790918 2.301054325 
1335017725.12666 1.043709 1.793273 2.295162325 
1335017725.17402 1.041725 1.797658 2.260014325 
1335017725.30423 1.039774 1.799554 2.239454325 
1335017725.4168 1.036948 1.803840 2.211806325 
1335017725.46263 1.035803 1.805995 2.192955325 
1335017725.59715 1.034549 1.809587 2.166049325 
1335017725.72838 1.032556 1.812356 2.157511325 
1335017725.77017 1.030604 1.815468 2.089959325 
1335017725.90022 1.029621 1.819630 2.061845325 
1335017726.01253 1.028425 1.822958 2.069931325 
1335017726.15124 1.026953 1.826961 2.000065325 
1335017726.1967 1.026093 1.829573 1.989857325 
1335017726.31648 1.024206 1.834133 1.936256325 
1335017726.36242 1.023747 1.836949 1.931238325 
1335017726.48071 1.023264 1.840751 1.922954325 
1335017726.60462 1.023281 1.843142 1.930223325 
1335017726.70811 1.021236 1.847431 1.859159325 
1335017726.8006 1.020666 1.851726 1.807919325 
1335017726.89306 1.020327 1.854695 1.838672325 
1335017726.98553 1.019272 1.858605 1.799713325 
1335017727.0781 1.019514 1.862448 1.733953325 
1335017727.24823 1.019634 1.865559 1.733914325 
1335017727.27883 1.018865 1.869939 1.660657325 
1335017727.40422 1.019637 1.873169 1.690786325 
1335017727.52064 1.019110 1.877057 1.670145325 
1335017727.56649 1.019858 1.880380 1.601636325 
1335017727.70053 1.019778 1.884048 1.585430325 
1335017727.83259 1.020125 1.888548 1.519257325 
1335017727.90056 1.020816 1.890822 1.533495325 
1335017727.97038 1.020996 1.895683 1.531770325 
1335017728.10422 1.022800 1.896998 1.590660325 
1335017728.2138 1.021561 1.903278 1.545737325 
1335017728.27273 1.022220 1.905908 1.595214325 
1335017728.40074 1.022922 1.907644 1.702864325 
1335017728.54089 1.022115 1.913278 1.616167325 
1335017728.59569 1.022353 1.916712 1.673780325 
1335017728.71674 1.020916 1.920557 1.651576325 
1335017728.77782 1.021107 1.924025 1.697784325 
1335017728.89294 1.019887 1.927408 1.741361325 
1335017729.02839 1.019222 1.932175 1.759605325 
1335017729.08807 1.018772 1.934330 1.787766325 
1335017729.23132 1.017669 1.938507 1.813563325 
1335017729.28947 1.016950 1.941462 1.842209325 
1335017729.42074 1.016690 1.946360 1.857714325 
1335017729.47995 1.015552 1.949700 1.871242325 
1335017729.60472 1.014297 1.952297 1.941868325 
1335017729.66426 1.013212 1.955934 1.999250325 
1335017729.79271 1.012024 1.959634 1.979815325 
1335017729.92838 1.010615 1.962610 2.009299325 
1335017729.9873 1.008833 1.966668 2.031773325 
1335017730.12423 1.006569 1.969684 2.048112325 
1335017730.18306 1.005555 1.972763 2.073936325 
1335017730.32071 1.003435 1.975632 2.108944325 
1335017730.37977 1.003164 1.979740 2.139429325 
1335017730.50471 0.999875 1.981898 2.149743325 
1335017730.56406 0.998705 1.985732 2.161752325 
1335017730.69692 0.996290 1.988620 2.188768325 
1335017730.83114 0.994799 1.991752 2.205823325 
1335017730.89159 0.992433 1.995920 2.204275325 
1335017731.02836 0.990992 1.997578 2.192872325 
1335017731.08737 0.989296 2.001405 2.147950325 
1335017731.20442 0.987801 2.004968 2.124687325 
1335017731.26479 0.985965 2.007936 2.167249325 
1335017731.38477 0.984526 2.011392 2.094788325 
1335017731.5247 0.982738 2.015147 2.046160325 
1335017731.58358 0.981807 2.018750 2.062773325 
1335017731.90048 0.981141 2.022533 2.024373325 
1335017731.96012 0.979347 2.024101 2.055121325 
1335017732.00766 0.978686 2.029267 1.940388325 
1335017732.06751 0.977957 2.032666 1.944953325 
1335017732.11424 0.976370 2.036169 1.961512325 
1335017732.17446 0.975986 2.039951 1.885887325 
1335017732.30874 0.976174 2.043627 1.852644325 
1335017732.3677 0.975200 2.047563 1.867859325 
1335017732.49275 0.974720 2.050377 1.813950325 
1335017732.62437 0.974954 2.054326 1.794723325 
1335017732.68364 0.974495 2.058473 1.762016325 
1335017732.81685 0.974045 2.062760 1.694931325 
1335017732.87589 0.974228 2.066654 1.697290325 
1335017733.00917 0.973943 2.068964 1.667155325 
1335017733.06924 0.974499 2.072793 1.644207325 
1335017733.19675 0.974295 2.077161 1.636202325 
1335017733.35226 0.974811 2.079268 1.604491325 
1335017733.40114 0.975162 2.083157 1.578540325 
1335017733.52875 0.975678 2.087059 1.553597325 
1335017733.58879 0.975748 2.091233 1.505334325 
1335017733.7048 0.976695 2.094795 1.478274325 
1335017733.76588 0.977910 2.098681 1.439144325 
1335017733.89675 0.978686 2.102171 1.436000325 
1335017734.03078 0.980498 2.105765 1.414832325 
1335017734.09004 0.981751 2.109305 1.362250325 
1335017734.22873 0.982954 2.113535 1.312540325 
1335017734.2873 0.983944 2.116003 1.299277325 
1335017734.42469 0.984904 2.119872 1.281723325 
1335017734.48327 0.985965 2.123208 1.256103325 
1335017734.62457 0.988380 2.127733 1.187694325 
1335017734.66566 0.990579 2.129621 1.208972325 
1335017734.80847 0.991733 2.133486 1.169170325 
1335017734.92438 0.993079 2.135427 1.138923325 
1335017734.98305 0.994787 2.138615 1.133456325 
1335017735.12437 0.997771 2.141618 1.076108325 
1335017735.18536 0.999752 2.146115 1.047394325 
1335017735.32047 1.002159 2.148343 1.015542325 
1335017735.44091 1.004114 2.151439 0.983950325 
1335017735.49565 1.006254 2.153724 0.977708325 
1335017735.64047 1.009389 2.158196 0.882502325 
1335017735.67811 1.011715 2.160088 0.894960325 
1335017735.82101 1.013392 2.162806 0.855719325 
1335017735.86334 1.016792 2.164958 0.853252325 
1335017736.00855 1.019148 2.167101 0.826907325 
1335017736.13085 1.022710 2.169889 0.772536325 
1335017736.19035 1.024701 2.171700 0.757085325 
1335017736.32073 1.028076 2.174199 0.728740325 
1335017736.38016 1.031902 2.175965 0.665020325 
1335017736.52047 1.034683 2.178457 0.646298325 
1335017736.65647 1.037241 2.180077 0.663695325 
1335017736.69401 1.040690 2.182996 0.570736325 
1335017736.82839 1.043382 2.185058 0.615337325 
1335017736.89499 1.047272 2.186694 0.578477325 
1335017737.03092 1.049752 2.188655 0.578448325 
1335017737.09021 1.052798 2.190620 0.617220325 
1335017737.51607 1.056510 2.193202 0.628796325 
1335017737.57515 1.058375 2.194424 0.697664325 
1335017737.62027 1.061561 2.198371 0.665020325 
1335017737.67892 1.063800 2.200234 0.699824325 
1335017737.72409 1.066480 2.202641 0.736985325 
1335017737.78272 1.069102 2.204475 0.760314325 
1335017737.82773 1.071176 2.208211 0.786090325 
1335017737.88608 1.074310 2.210850 0.785141325 
1335017738.00045 1.077044 2.212330 0.883124325 
1335017738.10796 1.077915 2.216065 0.867833325 
1335017738.20072 1.080705 2.218867 0.927954325 
1335017738.29397 1.084327 2.221823 0.952569325 
1335017738.38313 1.085765 2.224545 0.964247325 
1335017738.47127 1.087609 2.228585 0.967148325 
1335017738.56705 1.088803 2.230647 1.054577325 
1335017738.66298 1.090540 2.235574 1.014790325 
1335017738.76949 1.093192 2.238431 1.058117325 
1335017738.91364 1.095256 2.240873 1.130847325 
1335017738.97267 1.096845 2.244444 1.133083325 
1335017739.0831 1.097636 2.248174 1.147103325 
