1335092690.52954 1.749560 1.851467 -0.642408675 
1335092690.64891 1.749288 1.851739 -0.649049675 
1335092690.74798 1.749713 1.851349 -0.635763675 
1335092690.79589 1.749244 1.851781 -0.646935675 
1335092690.89357 1.749450 1.851794 -0.652315675 
1335092691.01997 1.749608 1.851681 -0.645618675 
1335092691.09681 1.749206 1.851335 -0.641853675 
1335092691.23469 1.749288 1.851739 -0.649049675 
1335092691.32869 1.748960 1.851434 -0.646477675 
1335092691.39447 1.749223 1.850990 -0.629639675 
1335092691.52289 1.748960 1.851434 -0.646477675 
1335092691.61916 1.748960 1.851434 -0.646477675 
1335092691.71309 1.748960 1.851434 -0.646477675 
1335092691.80694 1.749369 1.850864 -0.622906675 
1335092691.90097 1.754691 1.847993 -0.559345675 
1335092691.99497 1.758474 1.846037 -0.560750675 
1335092692.09029 1.763095 1.842447 -0.547312675 
1335092692.19033 1.768370 1.841978 -0.478702675 
1335092692.29729 1.773192 1.840197 -0.423195675 
1335092692.4043 1.778468 1.836755 -0.429384675 
1335092692.51604 1.781824 1.834543 -0.405501675 
1335092692.62332 1.788182 1.832854 -0.411203675 
1335092692.73175 1.793095 1.832762 -0.364229675 
1335092692.79163 1.797202 1.831268 -0.322245675 
1335092692.89822 1.803019 1.828511 -0.365353675 
1335092693.00558 1.808386 1.826568 -0.333558675 
1335092693.11458 1.812699 1.825693 -0.340248675 
1335092693.22235 1.817885 1.823705 -0.370691675 
1335092693.32965 1.823416 1.822846 -0.348639675 
1335092693.43658 1.827827 1.819589 -0.317331675 
1335092693.49663 1.832710 1.819908 -0.377736675 
1335092693.60706 1.836997 1.817951 -0.280625675 
1335092693.71506 1.842865 1.816518 -0.285162675 
1335092693.82311 1.847882 1.814979 -0.332918675 
1335092693.92847 1.852960 1.813375 -0.333126675 
1335092694.03611 1.858111 1.811774 -0.308632675 
1335092694.09596 1.863583 1.809606 -0.335330675 
1335092694.2024 1.869530 1.808415 -0.360109675 
1335092694.30993 1.872890 1.805559 -0.305235675 
1335092694.41722 1.878417 1.805413 -0.359971675 
1335092694.52565 1.883019 1.804641 -0.305904675 
1335092694.63733 1.887954 1.801941 -0.277231675 
1335092694.69657 1.893941 1.801339 -0.318014675 
1335092694.8034 1.898318 1.802486 -0.310347675 
1335092694.91066 1.903410 1.797568 -0.294457675 
1335092695.01973 1.909442 1.796880 -0.329046675 
1335092695.12833 1.913350 1.795902 -0.304292675 
1335092695.23607 1.917718 1.792678 -0.272500675 
1335092695.29576 1.923110 1.792492 -0.358332675 
1335092695.40256 1.927273 1.791508 -0.310399675 
1335092695.51006 1.932900 1.788562 -0.285557675 
1335092695.62171 1.938958 1.787374 -0.325277675 
1335092695.72984 1.943573 1.788308 -0.308722675 
1335092695.83716 1.948622 1.783912 -0.301441675 
1335092695.89712 1.954453 1.782758 -0.338412675 
1335092696.00381 1.958615 1.782210 -0.311576675 
1335092696.1112 1.962890 1.779567 -0.284677675 
1335092696.2189 1.967947 1.778648 -0.361371675 
1335092696.32707 1.972631 1.777611 -0.304269675 
1335092696.43497 1.978606 1.774737 -0.288232675 
1335092696.49457 1.984273 1.773152 -0.332394675 
1335092696.60126 1.988301 1.771115 -0.338717675 
1335092696.71244 1.993691 1.769950 -0.322864675 
1335092696.82102 1.998678 1.768160 -0.347179675 
1335092696.92871 2.003928 1.768269 -0.301994675 
1335092697.03798 2.008145 1.765669 -0.313246675 
1335092697.09782 2.013534 1.764210 -0.365155675 
1335092697.20462 2.017769 1.763337 -0.296364675 
1335092697.31207 2.024186 1.760291 -0.284530675 
1335092697.41923 2.029093 1.759183 -0.342351675 
1335092697.5261 2.033034 1.756434 -0.303156675 
1335092697.6342 2.039564 1.755889 -0.331053675 
1335092697.6937 2.044930 1.753322 -0.391164675 
1335092697.80438 2.047674 1.752313 -0.273218675 
1335092697.91186 2.054285 1.751118 -0.304606675 
1335092698.01967 2.058690 1.749751 -0.348340675 
1335092698.12765 2.063681 1.747749 -0.294578675 
1335092698.23554 2.069674 1.746050 -0.314049675 
1335092698.29505 2.074806 1.748196 -0.327692675 
1335092698.4012 2.079689 1.742588 -0.309052675 
1335092698.50828 2.084053 1.742103 -0.335935675 
1335092698.61627 2.087359 1.742710 -0.230877675 
1335092698.724 2.093684 1.737910 -0.282898675 
1335092698.83667 2.099574 1.736247 -0.377276675 
1335092698.89645 2.103561 1.735287 -0.307243675 
1335092699.00314 2.109370 1.732679 -0.307701675 
1335092699.11199 2.114650 1.731182 -0.366148675 
1335092699.22002 2.118953 1.729131 -0.313983675 
1335092699.32768 2.124652 1.728048 -0.359153675 
1335092699.43584 2.128206 1.726796 -0.281723675 
1335092699.49542 2.134637 1.724190 -0.308722675 
1335092699.60194 2.139674 1.722410 -0.358626675 
1335092699.70933 2.145909 1.719030 -0.430867675 
1335092699.82087 2.148746 1.719182 -0.304082675 
1335092699.92595 2.155432 1.717155 -0.338886675 
1335092700.03582 2.159616 1.715431 -0.334263675 
1335092700.09539 2.165764 1.714018 -0.303136675 
1335092700.20201 2.171083 1.711096 -0.377576675 
1335092700.30946 2.175169 1.711661 -0.292900675 
1335092700.41657 2.180825 1.709594 -0.287427675 
1335092700.52516 2.185735 1.707744 -0.373739675 
1335092700.63341 2.190051 1.706138 -0.298747675 
1335092700.69309 2.196319 1.704215 -0.313120675 
1335092700.79989 2.200756 1.706714 -0.300095675 
1335092700.91123 2.205475 1.701096 -0.277426675 
1335092701.02016 2.211564 1.700074 -0.336955675 
1335092701.12807 2.217392 1.696275 -0.377368675 
1335092701.23612 2.221048 1.695628 -0.289576675 
1335092701.29582 2.225948 1.694232 -0.368001675 
1335092701.40229 2.230616 1.692848 -0.309751675 
1335092701.50977 2.237475 1.691372 -0.302790675 
1335092701.61712 2.240994 1.690072 -0.308707675 
1335092701.72409 2.245666 1.687869 -0.274545675 
1335092701.83246 2.251893 1.686106 -0.355915675 
1335092701.89223 2.254596 1.687553 -0.261829675 
1335092702.00241 2.261638 1.682119 -0.292326675 
1335092702.1096 2.266448 1.681553 -0.339709675 
1335092702.21672 2.271468 1.679162 -0.313983675 
1335092702.32517 2.277283 1.677318 -0.347228675 
1335092702.43366 2.281801 1.678453 -0.309707675 
1335092702.49325 2.286253 1.673596 -0.289276675 
1335092702.5998 2.292062 1.671839 -0.381555675 
1335092702.70724 2.298676 1.668413 -0.427276675 
1335092702.81513 2.302251 1.667659 -0.305148675 
1335092702.92332 2.307006 1.667498 -0.349951675 
1335092703.03728 2.312214 1.664701 -0.299951675 
1335092703.09728 2.317428 1.663905 -0.348481675 
1335092703.20392 2.323130 1.664121 -0.311792675 
1335092703.31132 2.327167 1.659203 -0.300757675 
1335092703.41882 2.332345 1.657814 -0.383323675 
1335092703.5267 2.337339 1.656668 -0.314199675 
1335092703.6351 2.342089 1.654433 -0.326538675 
1335092703.69462 2.348639 1.656691 -0.294728675 
1335092703.80129 2.352650 1.651453 -0.291114675 
1335092703.90874 2.357772 1.649687 -0.384580675 
1335092704.0209 2.361827 1.648449 -0.290464675 
1335092704.12913 2.368195 1.646408 -0.303593675 
1335092704.23685 2.372484 1.645241 -0.316048675 
1335092704.29681 2.378723 1.642740 -0.286883675 
1335092704.40331 2.383347 1.639413 -0.421166675 
1335092704.51087 2.386412 1.639304 -0.282111675 
1335092704.61842 2.393889 1.637651 -0.310983675 
1335092704.72648 2.397235 1.635756 -0.329510675 
1335092704.83491 2.403803 1.634396 -0.302925675 
1335092704.89379 2.409685 1.634846 -0.348203675 
1335092705.00036 2.411793 1.630583 -0.279103675 
1335092705.11315 2.418683 1.629082 -0.338374675 
1335092705.22017 2.424945 1.624727 -0.428375675 
1335092705.3279 2.429715 1.624681 -0.281454675 
1335092705.43599 2.434616 1.627289 -0.320466675 
1335092705.49558 2.438062 1.621609 -0.266639675 
1335092705.60222 2.445056 1.619812 -0.326919675 
1335092705.70936 2.447667 1.618836 -0.287179675 
1335092705.81682 2.454901 1.615737 -0.283430675 
1335092705.92516 2.459763 1.613968 -0.389211675 
1335092706.03161 2.464404 1.612781 -0.292492675 
1335092706.09152 2.468606 1.611442 -0.373102675 
1335092706.20184 2.472773 1.609461 -0.272821675 
1335092706.30942 2.480262 1.608333 -0.304788675 
1335092706.4157 2.483821 1.605509 -0.349259675 
1335092706.52122 2.489841 1.604566 -0.296683675 
1335092706.6288 2.496098 1.605024 -0.348203675 
1335092706.73683 2.498466 1.600526 -0.281688675 
1335092706.79661 2.505260 1.597966 -0.362937675 
1335092706.90316 2.507526 1.594402 -0.315055675 
1335092707.01099 2.514858 1.594749 -0.288122675 
1335092707.11973 2.519835 1.594179 -0.322884675 
1335092707.23247 2.524606 1.592059 -0.296749675 
1335092707.29229 2.530523 1.587328 -0.422807675 
1335092707.39886 2.534555 1.588492 -0.292668675 
1335092707.50616 2.540277 1.585885 -0.324050675 
1335092707.6135 2.543898 1.586312 -0.282523675 
1335092707.72199 2.550407 1.582380 -0.324008675 
1335092707.82793 2.557128 1.579925 -0.451367675 
1335092707.93584 2.560741 1.579185 -0.274997675 
1335092707.99564 2.565548 1.577433 -0.349627675 
1335092708.10216 2.570113 1.575237 -0.286883675 
1335092708.21371 2.576928 1.572120 -0.372533675 
1335092708.32172 2.579301 1.572506 -0.282251675 
1335092708.42879 2.587105 1.571023 -0.268733675 
1335092708.53645 2.588973 1.569568 -0.282159675 
1335092708.5962 2.597141 1.567572 -0.286883675 
1335092708.70278 2.602561 1.563988 -0.429864675 
1335092708.81024 2.606134 1.564314 -0.271155675 
1335092708.9176 2.611951 1.562136 -0.328069675 
1335092709.02553 2.615018 1.560870 -0.269570675 
1335092709.12708 2.623332 1.557082 -0.344454675 
1335092709.23936 2.625582 1.557586 -0.287996675 
1335092709.29909 2.632510 1.555585 -0.268733675 
1335092709.40594 2.635761 1.553060 -0.331618675 
1335092709.51331 2.642304 1.552352 -0.300288675 
1335092709.62051 2.647359 1.550086 -0.382946675 
1335092709.72826 2.651237 1.544684 -0.297351675 
1335092709.83607 2.657934 1.547388 -0.324050675 
1335092709.89568 2.660460 1.545925 -0.278712675 
1335092710.00234 2.668681 1.543436 -0.303428675 
1335092710.1091 2.669984 1.539202 -0.287869675 
1335092710.21578 2.678589 1.539981 -0.268733675 
1335092710.32883 2.681698 1.537531 -0.325287675 
1335092710.43647 2.687990 1.537468 -0.278148675 
1335092710.49636 2.694459 1.536993 -0.387332675 
1335092710.60299 2.696777 1.529268 -0.275026675 
1335092710.71054 2.703387 1.532061 -0.342993675 
1335092710.81873 2.706860 1.529642 -0.282878675 
1335092710.92607 2.712762 1.524044 -0.407378675 
1335092711.03565 2.717538 1.527110 -0.285461675 
1335092711.09518 2.724580 1.525086 -0.282128675 
1335092711.20174 2.726507 1.523578 -0.261216675 
1335092711.31338 2.735493 1.521348 -0.294369675 
1335092711.42089 2.736751 1.519153 -0.308702675 
1335092711.5288 2.744434 1.518036 -0.264204675 
1335092711.63661 2.749350 1.517536 -0.326802675 
1335092711.69622 2.754314 1.514282 -0.281498675 
1335092711.8029 2.760395 1.510247 -0.428833675 
1335092711.91034 2.765101 1.514237 -0.290901675 
1335092712.01794 2.770204 1.512503 -0.360989675 
1335092712.12597 2.772732 1.509203 -0.264840675 
1335092712.234 2.773870 1.507679 -0.272855675 
1335092712.29371 2.778162 1.506050 -0.350062675 
1335092712.4225 2.782116 1.505052 -0.319254675 
1335092712.53015 2.783987 1.506565 -0.306318675 
1335092712.63796 2.787294 1.502829 -0.406929675 
1335092712.69764 2.788090 1.501620 -0.737869675 
1335092712.80454 2.783207 1.498306 -1.084392675 
1335092712.91211 2.781811 1.497792 -1.454185675 
1335092713.02036 2.779423 1.498455 -1.672323975 
1335092713.12835 2.774642 1.497539 -2.037178975 
1335092713.23659 2.773578 1.498610 -2.226392975 
1335092713.29648 2.768513 1.495552 -2.411297975 
1335092713.41646 2.763741 1.492944 -2.572213975 
1335092713.52393 2.759173 1.490297 -2.711034975 
1335092713.6315 2.754497 1.489657 -2.835621975 
1335092713.6916 2.750363 1.490799 -2.714776975 
1335092713.79768 2.744298 1.488625 -2.858134975 
1335092713.90524 2.737384 1.486337 -2.921836975 
1335092714.01277 2.730837 1.486416 -3.003932975 
1335092714.12076 2.729529 1.484165 -2.977042975 
1335092714.22862 2.721441 1.485751 -3.004008975 
1335092714.33639 2.717257 1.480311 -3.099643975 
1335092714.39623 2.711040 1.487860 -3.007856975 
1335092714.50652 2.707181 1.484378 -3.111535975 
1335092714.61431 2.698965 1.480117 -3.118973975 
1335092714.72221 2.697106 1.483500 -3.117145975 
1335092714.82944 2.689058 1.483340 -3.116388975 
1335092714.93711 2.685575 1.484190 -2.991517975 
1335092714.99707 2.679166 1.484930 -3.111859975 
1335092715.10531 2.671946 1.480524 -3.115608975 
1335092715.21304 2.669829 1.484553 -3.136170975 
1335092715.32076 2.661202 1.483576 -3.135678975 
1335092715.42857 2.660350 1.484255 3.140733325 
1335092715.54015 2.651749 1.485145 -3.122005975 
1335092715.5994 2.648638 1.480503 -3.070938975 
1335092715.70664 2.642229 1.485394 -3.138969975 
1335092715.81457 2.634071 1.483949 -3.136742975 
1335092715.91934 2.632449 1.484632 -3.125281975 
1335092716.02657 2.624260 1.485835 3.139693325 
1335092716.13456 2.623424 1.482929 -3.080722975 
1335092716.19428 2.615012 1.486122 -3.131808975 
1335092716.30132 2.605620 1.484365 -3.132009975 
1335092716.40845 2.605441 1.485558 3.138239325 
1335092716.52061 2.597020 1.486826 3.137563325 
1335092716.62828 2.596141 1.485842 -3.129927975 
1335092716.73581 2.587709 1.487431 -3.138192975 
1335092716.79554 2.581408 1.487392 3.094922325 
1335092716.90229 2.578056 1.487927 -3.129124975 
1335092717.01046 2.569952 1.488263 3.137800325 
1335092717.11836 2.568146 1.488358 3.136139325 
1335092717.22635 2.560972 1.488331 3.137800325 
1335092717.33455 2.556696 1.490222 3.064043325 
1335092717.39412 2.551399 1.488389 -3.127260975 
1335092717.50123 2.543666 1.488787 3.128609325 
1335092717.61268 2.541981 1.489294 3.132192325 
1335092717.72048 2.534162 1.489009 3.138313325 
1335092717.82729 2.528879 1.490335 3.071865325 
1335092717.93537 2.524427 1.489679 3.134140325 
1335092717.99503 2.517232 1.489933 3.122518325 
1335092718.10194 2.514969 1.491659 3.133052325 
1335092718.20931 2.507464 1.490140 3.130353325 
1335092718.31753 2.501593 1.490975 3.101609325 
1335092718.4242 2.497749 1.491103 3.131042325 
1335092718.53239 2.490405 1.490457 3.133291325 
1335092718.59218 2.489324 1.493889 -3.100117975 
1335092718.70316 2.480828 1.490878 3.138331325 
1335092718.81098 2.474623 1.491542 3.136387325 
1335092718.91828 2.471628 1.492790 -3.139370975 
1335092719.0272 2.463653 1.491397 -3.134504975 
1335092719.13547 2.462842 1.494397 -3.092329975 
1335092719.19531 2.453564 1.491807 -3.137887975 
1335092719.3022 2.447375 1.491916 3.126518325 
1335092719.40963 2.446260 1.495227 -3.118444975 
1335092719.5169 2.437553 1.493202 -3.123443975 
1335092719.62433 2.432930 1.492560 -3.115569975 
1335092719.73645 2.427977 1.493222 -3.130732975 
1335092719.79622 2.420788 1.493287 -3.116397975 
1335092719.90333 2.419704 1.495359 -3.075006975 
1335092720.01067 2.411338 1.494242 -3.134999975 
1335092720.11807 2.404797 1.493315 3.129362325 
1335092720.22608 2.403710 1.496509 -3.113349975 
1335092720.33449 2.394661 1.494876 -3.133824975 
1335092720.39412 2.390509 1.494438 3.112759325 
1335092720.50107 2.386311 1.493072 -3.125871975 
1335092720.60867 2.378495 1.495837 3.134491325 
1335092720.7207 2.377785 1.493252 -3.106848975 
1335092720.82881 2.368850 1.496543 3.139669325 
1335092720.9333 2.362457 1.496515 3.093097325 
1335092720.99324 2.360508 1.493488 -3.116025975 
1335092721.10129 2.352383 1.497367 3.137800325 
1335092721.20853 2.346891 1.497347 3.056871325 
1335092721.31626 2.342966 1.497468 -3.140678975 
1335092721.42358 2.335995 1.497845 3.124581325 
1335092721.5313 2.331021 1.498169 3.048197325 
1335092721.63853 2.327081 1.498490 3.141062325 
1335092721.69892 2.319960 1.498842 3.110822325 
1335092721.80971 2.315849 1.498883 3.121562325 
1335092721.91701 2.310393 1.498824 3.140748325 
1335092722.02487 2.303648 1.499929 3.110213325 
1335092722.1326 2.300533 1.499682 3.110909325 
1335092722.19236 2.293809 1.498946 3.138689325 
1335092722.29863 2.287825 1.500232 3.113742325 
1335092722.40618 2.284412 1.500613 -3.137645975 
1335092722.51381 2.277216 1.500233 -3.134533975 
1335092722.62085 2.271943 1.500581 3.129186325 
1335092722.72868 2.267852 1.500528 -3.135771975 
1335092722.84016 2.260590 1.500366 -3.129454975 
1335092722.90061 2.256693 1.503626 -3.114033975 
1335092723.00758 2.251346 1.500808 -3.116995975 
1335092723.11599 2.244787 1.501437 -3.137731975 
1335092723.22404 2.241243 1.503807 3.137323325 
1335092723.33112 2.235372 1.502287 -3.127366975 
1335092723.43846 2.228465 1.501525 -3.137731975 
1335092723.49868 2.225092 1.504349 3.132153325 
1335092723.60562 2.219545 1.502562 -3.141450975 
1335092723.7133 2.212253 1.502046 -3.140820975 
1335092723.82542 2.209004 1.504569 3.127237325 
1335092723.9335 2.203314 1.503025 -3.140840975 
1335092723.99349 2.196325 1.503127 -3.129603975 
1335092724.10042 2.192801 1.505119 -3.130941975 
1335092724.20811 2.187347 1.503465 -3.135407975 
1335092724.31582 2.180233 1.503439 3.141592325 
1335092724.42394 2.177244 1.505528 3.133813325 
1335092724.53168 2.171273 1.503546 -3.135407975 
1335092724.63903 2.164188 1.503520 3.141592325 
1335092724.69942 2.162557 1.505772 -3.135799975 
1335092724.80648 2.155469 1.503881 -3.128928975 
1335092724.91867 2.148373 1.503862 3.136537325 
1335092725.02666 2.145584 1.506226 3.126004325 
1335092725.13495 2.139527 1.503959 -3.128928975 
1335092725.19473 2.132802 1.503913 3.125829325 
1335092725.30153 2.128201 1.507869 3.100180325 
1335092725.40909 2.123555 1.504327 -3.131808975 
1335092725.51699 2.116252 1.504018 -3.135418975 
1335092725.62513 2.110994 1.507597 3.086112325 
1335092725.7329 2.107741 1.504402 -3.131808975 
1335092725.79279 2.100396 1.504533 -3.133366975 
1335092725.90293 2.095006 1.504398 3.109180325 
1335092726.01097 2.091522 1.505108 -3.117210975 
1335092726.11834 2.084686 1.504377 -3.133734975 
1335092726.22651 2.079884 1.504855 3.137947325 
1335092726.33443 2.075428 1.504791 -3.130195975 
1335092726.39427 2.069007 1.504679 -3.133366975 
1335092726.50095 2.064064 1.504866 -3.131313975 
1335092726.60875 2.058904 1.504931 3.124717325 
1335092726.71572 2.053206 1.504874 -3.139441975 
1335092726.82105 2.047952 1.505439 -3.132355975 
1335092726.93305 2.042555 1.505045 3.099888325 
1335092726.99242 2.037528 1.504648 -3.129809975 
1335092727.0998 2.031724 1.504794 -3.110126975 
1335092727.20671 2.027124 1.502868 -3.137705975 
1335092727.31431 2.021716 1.505650 -3.113116975 
1335092727.42167 2.015039 1.505060 3.136890325 
1335092727.52947 2.009151 1.504989 3.095809325 
1335092727.63704 2.006033 1.505924 -3.120773975 
1335092727.69689 1.999135 1.505497 -3.130954975 
1335092727.80409 1.993190 1.509009 3.115254325 
1335092727.91161 1.990595 1.505911 -3.118971975 
1335092728.02387 1.983894 1.505326 -3.123742975 
1335092728.13096 1.978686 1.505427 -3.138348975 
1335092728.23827 1.973957 1.505218 -3.141297975 
1335092728.2982 1.968263 1.505277 -3.120349975 
1335092728.40529 1.962480 1.505281 -3.109245975 
1335092728.513 1.958251 1.503154 3.137541325 
1335092728.6205 1.952657 1.505941 -3.113116975 
1335092728.72866 1.945943 1.505614 3.141258325 
1335092728.83649 1.941485 1.505795 3.132246325 
1335092728.89633 1.937036 1.506285 -3.126205975 
1335092729.00759 1.930953 1.505647 -3.135635975 
1335092729.11615 1.925293 1.506155 -3.135825975 
1335092729.22417 1.921655 1.506468 -3.133313975 
1335092729.33169 1.915655 1.506067 -3.140592975 
1335092729.43892 1.910345 1.505978 -3.141384975 
1335092729.49897 1.904326 1.506728 3.129285325 
1335092729.60616 1.900172 1.506498 -3.130887975 
1335092729.71371 1.893313 1.506274 3.141592325 
1335092729.82052 1.888715 1.506342 3.111688325 
1335092729.92835 1.884578 1.506725 -3.118124975 
1335092730.04046 1.877847 1.506194 3.137811325 
1335092730.10034 1.872749 1.506619 3.141592325 
1335092730.20759 1.868319 1.506948 3.123188325 
1335092730.31541 1.862544 1.506919 -3.133298975 
1335092730.42345 1.855698 1.506135 -3.136279975 
1335092730.53117 1.851691 1.507161 3.135686325 
1335092730.63855 1.847182 1.506846 -3.119675975 
1335092730.69849 1.840449 1.506333 3.137811325 
1335092730.80565 1.836029 1.507037 3.140088325 
1335092730.91323 1.831586 1.507077 -3.141384975 
1335092731.02193 1.825502 1.506660 -3.136644975 
1335092731.13487 1.819150 1.506672 -3.141072975 
1335092731.19458 1.815391 1.507689 -3.135618975 
1335092731.30105 1.810203 1.507171 -3.127008975 
1335092731.40869 1.803614 1.506693 3.138163325 
1335092731.51652 1.799023 1.507435 -3.127343975 
1335092731.62451 1.794776 1.507029 -3.106726975 
1335092731.73211 1.788450 1.507000 -3.137149975 
1335092731.83934 1.782450 1.506940 3.141592325 
1335092731.89935 1.777639 1.507748 -3.135305975 
1335092732.00574 1.773226 1.507296 -3.127008975 
1335092732.11748 1.766663 1.507302 3.127995325 
1335092732.22531 1.762528 1.507459 -3.141108975 
1335092732.333 1.758130 1.507308 -3.114950975 
1335092732.39295 1.751898 1.507661 3.136259325 
1335092732.49935 1.746436 1.507455 -3.132301975 
1335092732.60702 1.741672 1.508380 -3.128157975 
1335092732.71455 1.736583 1.507755 -3.131414975 
1335092732.82265 1.730068 1.507438 3.132657325 
1335092732.9272 1.725722 1.507689 3.135070325 
1335092733.03633 1.721550 1.507739 -3.119019975 
1335092733.09585 1.714886 1.507613 -3.135666975 
1335092733.20687 1.708643 1.508297 3.129783325 
1335092733.31445 1.704618 1.508489 -3.124039975 
1335092733.42214 1.699865 1.508426 -3.127441975 
1335092733.52995 1.693603 1.508513 -3.128592975 
1335092733.63766 1.688300 1.508300 3.137331325 
1335092733.69743 1.684915 1.508084 -3.115441975 
1335092733.80446 1.678578 1.509438 -3.120356975 
1335092733.91206 1.672486 1.508611 3.129863325 
1335092734.01917 1.668487 1.509298 -3.107442975 
1335092734.12712 1.663491 1.509027 -3.128703975 
1335092734.23899 1.656921 1.509464 -3.125921975 
1335092734.29872 1.651813 1.508589 3.120906325 
1335092734.40585 1.648377 1.509194 -3.109682975 
1335092734.51351 1.642228 1.509755 -3.120205975 
1335092734.62128 1.635836 1.510556 3.141032325 
1335092734.72826 1.630945 1.510063 3.138799325 
1335092734.83575 1.627017 1.510827 -3.121581975 
1335092734.89557 1.620486 1.509812 -3.120205975 
1335092735.00255 1.614272 1.510741 3.135381325 
1335092735.11092 1.610730 1.511194 -3.106354975 
1335092735.2224 1.605636 1.510583 -3.132877975 
1335092735.32873 1.599019 1.510816 -3.120663975 
1335092735.43664 1.593819 1.511261 3.122579325 
1335092735.49637 1.590385 1.511117 -3.105719975 
1335092735.60343 1.583965 1.510715 -3.132803975 
1335092735.71002 1.577571 1.511332 -3.128213975 
1335092735.81722 1.572805 1.511899 -3.137210975 
1335092735.92496 1.569453 1.511664 -3.130429975 
1335092736.03252 1.563046 1.511762 -3.131598975 
1335092736.13964 1.556834 1.511964 3.125767325 
1335092736.20009 1.552966 1.512748 -3.128530975 
1335092736.31096 1.548054 1.512024 -3.137987975 
1335092736.41827 1.541435 1.512543 -3.130443975 
1335092736.52634 1.537036 1.512677 -3.117909975 
1335092736.63407 1.532938 1.512159 -3.113415975 
1335092736.69393 1.526758 1.512660 -3.140236975 
1335092736.80039 1.520271 1.512692 -3.137327975 
1335092736.90772 1.515998 1.514139 -3.121405975 
1335092737.01608 1.511582 1.512356 -3.120931975 
1335092737.12453 1.505340 1.512946 -3.135080975 
1335092737.23202 1.499378 1.511233 3.105268325 
1335092737.34316 1.495756 1.513045 -3.117294975 
1335092737.40385 1.490645 1.512987 -3.134139975 
1335092737.51089 1.483914 1.513468 3.130978325 
1335092737.61809 1.481760 1.515455 -3.056216975 
1335092737.72624 1.475008 1.513265 -3.122559975 
1335092737.83361 1.469166 1.513987 -3.126214975 
1335092737.89348 1.462695 1.513299 3.119981325 
1335092737.99915 1.458735 1.517707 -3.127156975 
1335092738.10629 1.454227 1.514293 -3.137805975 
1335092738.2139 1.448075 1.514024 -3.132646975 
1335092738.32483 1.441286 1.516565 3.094415325 
1335092738.43177 1.438526 1.514294 -3.096842975 
1335092738.53915 1.433307 1.514278 -3.135392975 
1335092738.59952 1.427205 1.515211 -3.128582975 
1335092738.70624 1.422133 1.517994 -3.138057975 
1335092738.81411 1.418010 1.514872 -3.122313975 
1335092738.91881 1.412055 1.514351 -3.135616975 
1335092739.02774 1.405715 1.515443 -3.129560975 
1335092739.13579 1.401647 1.513505 -3.116625975 
1335092739.19594 1.396582 1.515324 -3.114982975 
1335092739.30256 1.391216 1.515786 -3.132992975 
1335092739.41397 1.384493 1.516013 3.135069325 
1335092739.5207 1.381065 1.515113 -3.099869975 
1335092739.62834 1.375999 1.516750 -3.120069975 
1335092739.73656 1.369316 1.516637 -3.124256975 
1335092739.79669 1.363636 1.516172 3.112900325 
1335092739.90312 1.359774 1.516384 -3.083395975 
1335092740.01046 1.354632 1.517187 -3.125921975 
1335092740.11855 1.347700 1.515996 -3.127470975 
1335092740.22666 1.343057 1.516697 3.123730325 
1335092740.33445 1.339691 1.517484 -3.106235975 
1335092740.39426 1.333091 1.517216 -3.125921975 
1335092740.50517 1.326959 1.517513 3.121367325 
1335092740.61278 1.322983 1.518245 -3.077372975 
1335092740.72007 1.318139 1.517512 -3.106235975 
1335092740.82696 1.311768 1.518167 -3.126526975 
1335092740.93498 1.306032 1.518129 3.100643325 
1335092740.99468 1.303027 1.517889 -3.093820975 
1335092741.10277 1.296955 1.517790 -3.119565975 
1335092741.21019 1.290697 1.519038 3.139136325 
1335092741.31817 1.286373 1.518940 -3.117898975 
1335092741.42509 1.281495 1.518871 -3.099239975 
1335092741.5372 1.275851 1.519167 -3.128971975 
1335092741.59687 1.269183 1.519122 3.125928325 
1335092741.70401 1.265668 1.519937 -3.082642975 
1335092741.81169 1.260474 1.519403 -3.129067975 
1335092741.91918 1.254382 1.519516 -3.123637975 
1335092742.02704 1.251022 1.519780 -3.086551975 
1335092742.13517 1.245326 1.519767 -3.095994975 
1335092742.19484 1.239783 1.520264 -3.126553975 
1335092742.30064 1.234026 1.519922 -3.137255975 
1335092742.40792 1.229933 1.520191 -3.106587975 
1335092742.51991 1.224479 1.520305 -3.124710975 
1335092742.62794 1.218225 1.520509 -3.122257975 
1335092742.73618 1.213189 1.521246 3.141491325 
1335092742.79599 1.209197 1.520488 -3.089099975 
1335092742.90255 1.203354 1.521087 -3.126010975 
1335092743.01007 1.197156 1.520858 -3.141034975 
1335092743.11859 1.190930 1.523540 3.071625325 
1335092743.22657 1.188241 1.521525 -3.097771975 
1335092743.33428 1.182240 1.521246 -3.127087975 
1335092743.39388 1.176098 1.522132 -3.137184975 
1335092743.50078 1.172717 1.521537 -3.092989975 
1335092743.61213 1.166705 1.521755 -3.113930975 
1335092743.71847 1.160983 1.522121 -3.117408975 
1335092743.82672 1.155647 1.520441 -3.110194975 
1335092743.93484 1.151450 1.521900 -3.090666975 
1335092743.99457 1.145754 1.522127 -3.119843975 
1335092744.10132 1.139571 1.522394 -3.132207975 
1335092744.2086 1.135622 1.521879 -3.109470975 
1335092744.31629 1.130140 1.522094 -3.118610975 
1335092744.42435 1.124248 1.522888 -3.129560975 
1335092744.53154 1.118897 1.522427 -3.137406975 
1335092744.64321 1.114819 1.522180 -3.095183975 
1335092744.70077 1.109439 1.522627 -3.123242975 
1335092744.80776 1.102994 1.523231 -3.129292975 
1335092744.91228 1.099795 1.522775 -3.089510975 
1335092745.02057 1.093636 1.523163 -3.111225975 
1335092745.12855 1.087169 1.523062 -3.122480975 
1335092745.23701 1.082228 1.523598 -3.124449975 
1335092745.29656 1.078087 1.522608 -3.101243975 
1335092745.40321 1.072321 1.523399 -3.127470975 
1335092745.51048 1.066375 1.523382 -3.135705975 
1335092745.62268 1.062245 1.524681 -3.108639975 
1335092745.73064 1.056694 1.523931 -3.098141975 
1335092745.83883 1.050160 1.524626 -3.119536975 
1335092745.89659 1.045473 1.524314 -3.133119975 
1335092746.00304 1.041077 1.525612 -3.100692975 
1335092746.11053 1.034773 1.525510 -3.103980975 
1335092746.21837 1.028749 1.524668 -3.119128975 
1335092746.32639 1.024966 1.525658 -3.118684975 
1335092746.43412 1.019952 1.525639 -3.103727975 
1335092746.49412 1.013295 1.524906 -3.124073975 
1335092746.60072 1.009386 1.526255 -3.094075975 
1335092746.71197 1.004586 1.525051 -3.094732975 
1335092746.81943 0.997931 1.525425 -3.112236975 
1335092746.92763 0.993198 1.525844 -3.118356975 
1335092747.03665 0.988882 1.526342 -3.092074975 
1335092747.09677 0.982546 1.525544 -3.096003975 
1335092747.20337 0.976631 1.525824 -3.118834975 
1335092747.31083 0.972480 1.526637 -3.101541975 
1335092747.41853 0.967033 1.526546 -3.101896975 
1335092747.52675 0.961083 1.526136 -3.128379975 
1335092747.63467 0.956105 1.526300 -3.119651975 
1335092747.69472 0.951807 1.526510 -3.093590975 
1335092747.80552 0.945073 1.526142 -3.101199975 
1335092747.91321 0.940522 1.526127 -3.100770975 
1335092748.01975 0.935259 1.526536 -3.110465975 
1335092748.12776 0.929647 1.526844 -3.098370975 
1335092748.23578 0.924543 1.526601 -3.103913975 
1335092748.29589 0.919782 1.526883 -3.097342975 
1335092748.4025 0.914572 1.527157 -3.099172975 
1335092748.50969 0.908166 1.527475 -3.127002975 
1335092748.61744 0.904200 1.526681 -3.092579975 
1335092748.72574 0.899147 1.527035 -3.078305975 
1335092748.83786 0.892267 1.527644 -3.102129975 
1335092748.89802 0.886965 1.527030 -3.097015975 
1335092749.00474 0.882569 1.527418 -3.108790975 
1335092749.11309 0.877222 1.527960 -3.098986975 
1335092749.22049 0.871581 1.527239 -3.102305975 
1335092749.32829 0.866981 1.527149 -3.096645975 
1335092749.43632 0.861765 1.527752 -3.091742975 
1335092749.49651 0.855424 1.527520 -3.100285975 
1335092749.60313 0.851035 1.527565 -3.084855975 
1335092749.71056 0.846382 1.528085 -3.078539975 
1335092749.82278 0.839347 1.528087 -3.118443975 
1335092749.93054 0.834934 1.528012 -3.099683975 
1335092750.0381 0.830991 1.528422 -3.077794975 
1335092750.0984 0.823642 1.528484 -3.099750975 
1335092750.205 0.819024 1.528459 -3.104328975 
1335092750.31255 0.814083 1.528598 -3.117229975 
1335092750.41992 0.808524 1.528858 -3.101634975 
1335092750.52789 0.802826 1.528795 -3.080351975 
1335092750.63595 0.797548 1.528942 -3.106344975 
1335092750.69618 0.792713 1.528932 -3.086674975 
1335092750.80305 0.786920 1.529340 -3.096112975 
1335092750.91452 0.781883 1.529030 -3.101599975 
1335092751.0231 0.777150 1.528935 -3.087679975 
1335092751.13093 0.770867 1.529114 -3.082801975 
1335092751.23864 0.765840 1.529366 -3.087100975 
1335092751.29875 0.761562 1.528943 -3.087679975 
1335092751.40543 0.755107 1.529645 -3.100466975 
1335092751.51298 0.750257 1.529547 -3.088840975 
1335092751.62011 0.745699 1.528881 -3.091585975 
1335092751.72824 0.739147 1.530517 -3.109078975 
1335092751.83634 0.733832 1.529965 -3.090300975 
1335092751.89658 0.729994 1.528889 -3.091585975 
1335092752.00701 0.722865 1.530599 -3.091577975 
1335092752.11456 0.717885 1.530331 -3.089754975 
1335092752.22238 0.711696 1.529673 -3.112781975 
1335092752.33008 0.706919 1.530415 -3.086342975 
1335092752.43786 0.702026 1.530262 -3.079777975 
1335092752.49788 0.696202 1.530517 -3.095417975 
1335092752.6046 0.690861 1.530348 -3.079751975 
1335092752.71177 0.685826 1.530041 -3.090291975 
1335092752.81948 0.679821 1.530434 -3.110765975 
1335092752.92755 0.674942 1.530357 -3.079751975 
1335092753.04066 0.669694 1.530498 -3.078916975 
1335092753.10084 0.664093 1.531240 -3.082656975 
1335092753.20774 0.659331 1.530264 -3.078930975 
1335092753.31533 0.653689 1.530506 -3.078916975 
1335092753.423 0.647316 1.530575 -3.094930975 
1335092753.53095 0.642790 1.530408 -3.084952975 
1335092753.63868 0.637460 1.530604 -3.074270975 
1335092753.6989 0.630990 1.530094 -3.091036975 
1335092753.80548 0.626998 1.530178 -3.064331975 
1335092753.90976 0.621182 1.530559 -3.049717975 
1335092754.02083 0.614921 1.529609 -3.088840975 
1335092754.12568 0.611308 1.530199 -3.058433975 
1335092754.2334 0.605076 1.530308 -3.046397975 
1335092754.29367 0.600153 1.529194 -3.062928975 
1335092754.39955 0.594730 1.529989 -3.069017975 
1335092754.50672 0.589063 1.530371 -3.065922975 
1335092754.61427 0.583514 1.528985 -3.085789975 
1335092754.72079 0.578890 1.529510 -3.055622975 
1335092754.82871 0.573103 1.529579 -3.056085975 
1335092754.93716 0.568369 1.528985 -3.049664975 
1335092754.99695 0.562619 1.529241 -3.067652975 
1335092755.10838 0.557017 1.529344 -3.065410975 
1335092755.21604 0.552656 1.529209 -3.071459975 
1335092755.32405 0.546034 1.529149 -3.063906975 
1335092755.43169 0.540199 1.528803 -3.054212975 
1335092755.53983 0.536056 1.528861 -3.078872975 
1335092755.59952 0.530129 1.529359 -3.044456975 
1335092755.70628 0.523988 1.528492 -3.064202975 
1335092755.81391 0.519714 1.528506 -3.085454975 
1335092755.92147 0.514450 1.528670 -3.049359975 
1335092756.02923 0.508068 1.528431 -3.086087975 
1335092756.14139 0.502933 1.528194 -3.089689975 
1335092756.20077 0.498447 1.528182 -3.046712975 
1335092756.30771 0.493554 1.528059 -3.042471975 
1335092756.41521 0.487853 1.528351 -3.039862975 
1335092756.5233 0.481857 1.528087 -3.051696975 
1335092756.62987 0.475724 1.528039 -3.083410975 
1335092756.73868 0.471579 1.528006 -3.044269975 
1335092756.79835 0.465595 1.527811 -3.045276975 
1335092756.90498 0.460072 1.527439 -3.062634975 
1335092757.01294 0.454953 1.528014 -3.046436975 
1335092757.12514 0.450249 1.526860 -3.002621975 
1335092757.2326 0.444238 1.527618 -3.070167975 
1335092757.34035 0.440203 1.526820 -3.025201975 
1335092757.39945 0.433483 1.526148 -3.062248975 
1335092757.50589 0.427827 1.527303 -3.068738975 
1335092757.61337 0.423960 1.526367 -3.034172975 
1335092757.72086 0.417638 1.524987 -3.046175975 
1335092757.828 0.412157 1.525311 -3.035899975 
1335092757.93619 0.406989 1.524712 -3.032939975 
1335092757.99604 0.401300 1.524362 -3.049794975 
1335092758.10252 0.396462 1.523793 -3.023081975 
1335092758.21392 0.390105 1.524531 -3.042116975 
1335092758.32125 0.385720 1.523527 -3.027896975 
1335092758.42819 0.379691 1.523773 -3.037292975 
1335092758.53671 0.374365 1.524373 -3.036488975 
1335092758.59639 0.369955 1.522946 -3.020907975 
1335092758.70302 0.363436 1.523826 -3.022291975 
1335092758.81047 0.358890 1.522540 -3.016130975 
1335092758.91831 0.352960 1.521783 -3.027024975 
1335092759.02593 0.346978 1.520413 -2.996950975 
1335092759.13424 0.343133 1.520455 -3.027004975 
1335092759.19419 0.336483 1.519978 -3.028483975 
1335092759.30439 0.332096 1.520400 -3.005259975 
1335092759.4119 0.326658 1.519566 -3.008111975 
1335092759.51911 0.319611 1.519976 -3.048428975 
1335092759.62727 0.316367 1.518540 -3.000035975 
1335092759.73544 0.310692 1.517330 -3.019021975 
1335092759.7946 0.304923 1.516755 -2.990007975 
1335092759.90093 0.300417 1.516709 -2.986252975 
1335092760.00818 0.294215 1.516405 -2.983728975 
1335092760.1174 0.289505 1.515109 -2.995638975 
1335092760.22558 0.283322 1.516257 -2.991725975 
1335092760.33825 0.278340 1.513980 -2.992495975 
1335092760.39799 0.272625 1.513288 -2.998520975 
1335092760.50454 0.267537 1.513234 -2.979860975 
1335092760.61215 0.262148 1.512116 -2.987825975 
1335092760.71922 0.256275 1.511635 -3.015970975 
1335092760.82752 0.252159 1.510812 -2.976719975 
1335092760.93524 0.246557 1.509822 -2.972419975 
1335092760.99555 0.241017 1.508666 -2.983690975 
1335092761.10323 0.236541 1.508540 -2.977977975 
1335092761.2105 0.231522 1.507943 -2.967000975 
1335092761.32238 0.227360 1.507842 -2.970239975 
1335092761.43017 0.224580 1.506723 -2.934637975 
1335092761.55802 0.221413 1.506258 -2.923586975 
1335092761.61785 0.217367 1.505719 -2.945194975 
1335092761.72566 0.216845 1.503268 -2.671147975 
1335092761.83315 0.219058 1.500547 -2.358536975 
1335092761.94058 0.221674 1.500141 -2.017745975 
1335092762.0005 0.224690 1.498329 -1.723588975 
1335092762.107 0.227987 1.498738 -1.386164675 
1335092762.21467 0.229446 1.499287 -1.108225675 
1335092762.32555 0.232383 1.498676 -0.903189675 
1335092762.43337 0.236962 1.495423 -0.740427675 
1335092762.54073 0.241332 1.493241 -0.597330675 
1335092762.60071 0.245643 1.491282 -0.500849675 
1335092762.70739 0.251263 1.490095 -0.414931675 
1335092762.81429 0.256298 1.489299 -0.373382675 
1335092762.91782 0.260441 1.488308 -0.273693675 
1335092763.0268 0.267589 1.486821 -0.261152675 
1335092763.13461 0.271128 1.486682 -0.216254675 
1335092763.19451 0.277476 1.486646 -0.180179675 
1335092763.30111 0.281897 1.485863 -0.134699675 
1335092763.41167 0.288046 1.484571 -0.138729675 
1335092763.51973 0.292324 1.485051 -0.0795776749999999 
1335092763.62677 0.298573 1.484827 -0.129079675 
1335092763.73396 0.303871 1.484320 -0.0635866749999998 
1335092763.83851 0.309645 1.484147 -0.0800036749999999 
1335092763.89825 0.314385 1.485182 -0.060688675 
1335092764.0047 0.319937 1.485107 -0.0477586749999999 
1335092764.1123 0.325662 1.484262 -0.0534886749999999 
1335092764.21942 0.330004 1.485539 -0.0107386749999998 
1335092764.32726 0.336501 1.484514 -0.0468296749999999 
1335092764.43934 0.341697 1.486280 -0.013219675 
1335092764.49916 0.347103 1.485536 -0.0229756749999999 
1335092764.60578 0.352505 1.486500 -0.0340246749999999 
1335092764.71319 0.357308 1.486841 -0.0211296749999998 
1335092764.82067 0.363384 1.486788 -0.0367436749999999 
1335092764.92871 0.367377 1.488395 0.00648632500000001 
1335092765.0377 0.373705 1.487586 -0.0185226749999998 
1335092765.09726 0.378587 1.487391 -0.00828467499999985 
1335092765.20387 0.384141 1.488787 -0.0100206749999998 
1335092765.31135 0.390006 1.487810 -0.00758067499999981 
1335092765.42319 0.394086 1.488823 -0.00342767499999996 
1335092765.53109 0.400631 1.489727 -0.0334606749999999 
1335092765.63892 0.406428 1.489927 0.00465232500000012 
1335092765.69861 0.410281 1.490761 0.0155613250000002 
1335092765.8052 0.416773 1.491729 0.0010493250000001 
1335092765.9129 0.421854 1.491597 0.0129543250000002 
1335092766.02006 0.426226 1.492262 0.0282743250000002 
1335092766.12753 0.433713 1.492119 -0.00312167499999982 
1335092766.235 0.437515 1.491621 0.0154813250000001 
1335092766.29473 0.442674 1.492826 0.010645325 
1335092766.40129 0.449523 1.492585 0.00138732500000005 
1335092766.51246 0.454688 1.493636 -0.0204716749999998 
1335092766.61943 0.459371 1.494612 -0.00229167499999994 
1335092766.72752 0.464357 1.494616 -0.00986667499999982 
1335092766.83551 0.469787 1.495874 0.000106325000000185 
1335092766.89517 0.475547 1.494995 -0.00908767499999996 
1335092767.00159 0.480113 1.495700 -0.0168546749999998 
1335092767.10961 0.486373 1.496713 -0.0100206749999998 
1335092767.21728 0.491641 1.496723 0.0128243250000002 
1335092767.32549 0.495239 1.497232 0.020605325 
1335092767.43294 0.501682 1.499034 0.009717325 
1335092767.54434 0.508147 1.499211 0.0159123250000002 
1335092767.60466 0.512954 1.499472 -0.0138146749999999 
1335092767.71144 0.518278 1.499443 0.00747832500000012 
1335092767.81941 0.524324 1.499882 0.00356232500000009 
1335092767.92669 0.528747 1.500079 -0.00760367499999992 
1335092768.03437 0.534388 1.500215 0.0104453250000001 
1335092768.09435 0.539265 1.499942 -0.0064796749999998 
1335092768.19925 0.544552 1.501138 0.00546432500000016 
1335092768.29446 0.550408 1.501373 0.0159893250000001 
1335092768.3945 0.555760 1.502840 -0.0120406749999999 
1335092768.50601 0.560977 1.503903 -0.0129186749999999 
1335092768.6139 0.566932 1.503233 0.00770432500000018 
1335092768.7218 0.571139 1.504246 -0.00666667499999996 
1335092768.83017 0.577038 1.504622 -0.0100086749999999 
1335092768.93853 0.582274 1.505487 0.0200593250000001 
1335092768.99848 0.587853 1.505372 0.0235973250000001 
1335092769.1064 0.593138 1.506364 0.00562932500000013 
1335092769.21427 0.599641 1.506708 -0.00355767499999993 
1335092769.32174 0.603527 1.506028 -0.00339167499999982 
1335092769.43034 0.608123 1.507299 -0.00997667499999988 
1335092769.54287 0.615265 1.506917 -0.000151674999999907 
1335092769.60312 0.619429 1.507157 -0.00503667499999993 
1335092769.71034 0.624828 1.507454 0.00606532500000001 
1335092769.8185 0.631258 1.507286 -0.00572567499999987 
1335092769.92687 0.636059 1.507156 0.0105763250000002 
1335092770.03481 0.641044 1.508231 0.00901232500000004 
1335092770.09507 0.646437 1.509342 0.00387332500000004 
1335092770.20183 0.651486 1.511650 0.0200803250000001 
1335092770.30962 0.657321 1.510575 -0.00334967499999994 
1335092770.41764 0.661868 1.511231 0.0129473250000001 
1335092770.5253 0.667590 1.511993 -0.0213286749999999 
1335092770.63796 0.673931 1.512892 -0.00444067499999989 
1335092770.69801 0.678869 1.512394 -0.001853675 
1335092770.8049 0.684079 1.512435 0.00836932500000009 
1335092770.91267 0.689479 1.513227 -0.0163086749999999 
1335092771.02139 0.695535 1.513703 -0.017022675 
1335092771.12982 0.699549 1.513564 -0.0131826749999999 
1335092771.23821 0.704681 1.514738 0.0010493250000001 
1335092771.29815 0.711484 1.514191 -0.0138436749999999 
1335092771.40495 0.715753 1.514361 -0.0179436749999999 
1335092771.51255 0.720685 1.514826 0.00753432500000017 
1335092771.62444 0.727363 1.514707 -0.0108056749999998 
1335092771.73249 0.732173 1.515257 0.00154832500000013 
1335092771.84038 0.737611 1.515217 0.00961532500000017 
1335092771.90058 0.743455 1.515874 0.00137132500000003 
1335092772.00738 0.748222 1.516216 0.00919032500000005 
1335092772.1152 0.752672 1.518739 -0.00435067499999997 
1335092772.22331 0.758970 1.517665 0.00765832500000019 
1335092772.3315 0.763963 1.519519 0.0173383250000001 
1335092772.43937 0.768516 1.519869 -0.00649467499999989 
1335092772.49949 0.775404 1.519352 -0.0150566749999999 
1335092772.60637 0.779923 1.519706 0.0110243250000002 
1335092772.71822 0.785331 1.520108 -0.040345675 
1335092772.82543 0.791070 1.520331 -0.0311186749999999 
1335092772.93256 0.795703 1.519976 -0.00716967499999988 
1335092773.04187 0.801155 1.520529 -0.0280746749999998 
1335092773.10207 0.806297 1.521604 -0.00151167499999993 
1335092773.20905 0.811528 1.521553 0.00197032500000005 
1335092773.31708 0.816812 1.521471 -0.00494367499999981 
1335092773.42441 0.822554 1.522047 -0.0105256749999998 
1335092773.5326 0.828443 1.522362 0.00979932500000014 
1335092773.63993 0.832641 1.521767 0.00961432500000003 
1335092773.70025 0.839117 1.521950 -0.0161056749999999 
1335092773.81118 0.844257 1.522859 0.00167232500000014 
1335092773.91961 0.848825 1.522661 0.0101983250000002 
1335092774.02775 0.854650 1.523147 -0.0264546749999999 
1335092774.13584 0.859888 1.524169 -0.00872267499999979 
1335092774.19562 0.864956 1.524004 0.001582325 
1335092774.30225 0.870027 1.526419 -0.00943367499999992 
1335092774.41 0.875455 1.526040 -0.00614867499999994 
1335092774.51736 0.881006 1.526372 -0.0144946749999999 
1335092774.62568 0.885408 1.527298 -0.0144756749999999 
1335092774.73288 0.892358 1.526558 -0.0357606749999999 
1335092774.84484 0.896791 1.527057 -0.0143706749999999 
1335092774.90541 0.901346 1.527365 0.0102013250000001 
1335092775.01326 0.907745 1.527635 -0.0491836749999999 
1335092775.12124 0.912546 1.527608 -0.00531967499999997 
1335092775.22962 0.917307 1.527430 0.0169203250000001 
1335092775.33799 0.923714 1.527729 -0.0189966749999999 
1335092775.39792 0.928172 1.528804 -0.00807467499999981 
1335092775.50481 0.933588 1.528397 0.00592232500000001 
1335092775.6126 0.938463 1.528389 -0.0102486749999999 
1335092775.72007 0.944851 1.528689 -0.0488616749999999 
1335092775.83266 0.949537 1.529161 -0.00472967499999988 
1335092775.94059 0.954124 1.529449 -0.0155726749999998 
1335092776.00085 0.960737 1.528612 -0.0184986749999998 
1335092776.10815 0.964766 1.529824 0.016448325 
1335092776.21623 0.970201 1.529738 -0.000834674999999896 
1335092776.32435 0.976202 1.530472 -0.00861767499999999 
1335092776.43187 0.980709 1.530841 -0.00561567499999982 
1335092776.53949 0.986332 1.531130 -0.00243167499999997 
1335092776.59941 0.991161 1.531505 3.25000000023223e-07 
1335092776.70633 0.997578 1.532661 -0.0162356749999999 
1335092776.81441 1.002823 1.532867 -0.0114776749999999 
1335092776.92374 1.006968 1.532988 0.0210633250000001 
1335092777.03182 1.012879 1.533516 -0.00943367499999992 
1335092777.14005 1.019178 1.533162 -0.0504316749999998 
1335092777.2003 1.023887 1.533894 -0.0270476749999999 
1335092777.30716 1.027827 1.533616 -0.015106675 
1335092777.41492 1.034392 1.533691 -0.041311675 
1335092777.52227 1.038936 1.534286 -0.0151086749999998 
1335092777.63054 1.043279 1.534518 -0.0141656749999999 
1335092777.73897 1.049319 1.534400 -0.0465466749999999 
1335092777.79901 1.054680 1.534025 -0.021926675 
1335092777.91003 1.059264 1.535212 -0.000789674999999823 
1335092778.01806 1.064936 1.534789 -0.00933667499999991 
1335092778.12584 1.071087 1.534974 -0.058909675 
1335092778.23397 1.075438 1.535211 -0.00260267499999989 
1335092778.34153 1.080727 1.535578 0.000632325000000211 
1335092778.40192 1.086792 1.535011 -0.0161436749999999 
1335092778.50901 1.092239 1.535774 -0.041867675 
1335092778.61714 1.096069 1.535979 0.00111232500000003 
1335092778.72558 1.101595 1.535184 -0.011513675 
1335092778.83362 1.107264 1.536138 -0.050067675 
1335092778.94554 1.112330 1.536436 0.00501532500000001 
1335092779.00617 1.116663 1.536044 -0.0232436749999998 
1335092779.11036 1.122734 1.536392 -0.0209106749999999 
1335092779.21851 1.129093 1.536410 -0.0541196749999999 
1335092779.3267 1.132283 1.536503 0.0112533250000002 
1335092779.43483 1.138186 1.536970 -0.0169866749999998 
1335092779.54183 1.144949 1.537840 -0.0395536749999998 
1335092779.60206 1.148813 1.538433 0.011250325 
1335092779.70896 1.153695 1.538600 -0.0116226749999999 
1335092779.81698 1.159642 1.539189 0.00268332500000001 
1335092779.9219 1.164834 1.539429 -0.00764867499999999 
1335092780.02696 1.169415 1.539005 3.25000000023223e-07 
1335092780.12858 1.174964 1.539890 -0.00320067499999999 
1335092780.23623 1.180891 1.539691 -0.0238876749999999 
1335092780.29656 1.186895 1.539496 -0.0526366749999998 
1335092780.40324 1.190152 1.539942 -0.018137675 
1335092780.51089 1.195619 1.540291 -0.015562675 
1335092780.6189 1.201998 1.539920 -0.0545246749999999 
1335092780.72751 1.206181 1.540439 -0.0169126749999999 
1335092780.83431 1.211546 1.540717 -0.0362176749999998 
1335092780.94185 1.217033 1.540452 -0.025999675 
1335092781.00213 1.224069 1.538608 -0.097811675 
1335092781.11462 1.226732 1.541758 -0.00319167499999984 
1335092781.22233 1.232229 1.541127 -0.0114026749999998 
1335092781.32998 1.238518 1.540984 -0.050145675 
1335092781.43822 1.241526 1.541994 0.0324603250000002 
1335092781.49839 1.246980 1.541662 -0.00933667499999991 
1335092781.60524 1.253976 1.541616 -0.0168436749999998 
1335092781.71302 1.259385 1.539861 -0.0735276749999998 
1335092781.82072 1.262807 1.542494 0.0121363250000002 
1335092781.92802 1.268575 1.541847 -0.0107626749999998 
1335092782.03593 1.274520 1.541589 -0.0452646749999999 
1335092782.09591 1.279375 1.542009 -0.0109996749999999 
1335092782.19528 1.283366 1.542484 -0.023551675 
1335092782.29528 1.290178 1.541813 -0.0107626749999998 
1335092782.40239 1.295383 1.542451 -0.061093675 
1335092782.51009 1.299133 1.542567 0.00146432500000016 
1335092782.61814 1.304991 1.542669 -0.0223986749999998 
1335092782.72685 1.310996 1.542343 -0.0183836749999999 
1335092782.83482 1.316682 1.542950 -0.038933675 
1335092782.89522 1.320242 1.542746 0.00755032500000019 
1335092783.00211 1.325968 1.543832 -0.0236716749999999 
1335092783.11047 1.332058 1.542856 -0.036318675 
1335092783.22296 1.337154 1.543660 -0.0138236749999998 
1335092783.33099 1.341192 1.543770 -0.0136856749999998 
1335092783.43925 1.347466 1.544001 -0.0255036749999999 
1335092783.49941 1.353363 1.543718 -0.0461526749999999 
1335092783.60637 1.356463 1.543596 0.0124263250000001 
1335092783.71421 1.362122 1.544531 -0.015365675 
1335092783.82204 1.368486 1.544770 -0.0355486749999998 
1335092783.9306 1.374850 1.544400 -0.0745606749999999 
1335092784.03827 1.376676 1.544293 0.00263632500000011 
1335092784.09827 1.383674 1.543839 -0.0140036749999999 
1335092784.20879 1.389809 1.544582 -0.0421226749999999 
1335092784.31665 1.394862 1.544992 -0.0371556749999999 
1335092784.4248 1.398043 1.545152 0.00616332500000016 
1335092784.53284 1.405092 1.544476 -0.0101636749999998 
1335092784.64004 1.410914 1.545397 -0.029897675 
1335092784.70016 1.414587 1.545776 0.011730325 
1335092784.80726 1.419691 1.545821 0.00162932500000013 
1335092784.91511 1.426171 1.544749 -0.0224516749999999 
1335092785.02382 1.431687 1.545348 -0.0638806749999998 
1335092785.132 1.433491 1.544552 0.020980325 
1335092785.24428 1.440954 1.544419 -0.0101636749999998 
1335092785.30468 1.446643 1.545481 -0.0344916749999999 
1335092785.41167 1.451925 1.545959 -0.0380146749999999 
1335092785.51985 1.455410 1.545535 -0.00335267499999992 
1335092785.62803 1.461820 1.544483 -0.0326216749999999 
1335092785.73577 1.467371 1.545247 -0.0608296749999999 
1335092785.79593 1.472050 1.545761 -0.0710806749999999 
1335092785.90272 1.476915 1.545299 -0.004104675 
1335092786.01072 1.483230 1.544392 -0.036736675 
1335092786.11874 1.488848 1.545369 -0.063147675 
1335092786.22707 1.492830 1.545729 -0.045360675 
1335092786.33894 1.498454 1.543868 -0.00430867499999987 
1335092786.39906 1.504511 1.544503 -0.0459966749999998 
1335092786.50586 1.509943 1.545088 -0.0548626749999999 
1335092786.61357 1.512848 1.544048 -0.00352067499999986 
1335092786.72086 1.519605 1.544400 -0.021384675 
1335092786.82942 1.525527 1.544310 -0.0643356749999999 
1335092786.93787 1.529188 1.544033 -0.0313936749999999 
1335092786.99784 1.534112 1.543621 -0.0142526749999998 
1335092787.1052 1.540134 1.543166 -0.0318096749999999 
1335092787.21237 1.545886 1.543586 -0.0538396749999999 
1335092787.32436 1.548664 1.543517 -0.0087576749999998 
1335092787.4321 1.555690 1.543673 -0.025505675 
1335092787.53998 1.561332 1.542888 -0.045956675 
1335092787.59968 1.566370 1.544176 -0.031967675 
1335092787.70596 1.570281 1.543484 -0.00875967499999986 
1335092787.81357 1.576518 1.542907 -0.0279386749999999 
1335092787.92051 1.582079 1.543159 -0.0506406749999999 
1335092788.02854 1.585444 1.543281 -0.0316096749999999 
1335092788.13608 1.591753 1.543618 -0.025505675 
1335092788.19585 1.597694 1.542830 -0.0360746749999998 
1335092788.30245 1.603256 1.542844 -0.0477726749999998 
1335092788.41358 1.606584 1.542912 -0.013438675 
1335092788.52071 1.613155 1.543101 -0.0327756749999999 
1335092788.62876 1.618459 1.542912 -0.0464876749999998 
1335092788.73625 1.622936 1.542849 -0.039303675 
1335092788.7961 1.628246 1.542912 -0.0338826749999999 
1335092788.90274 1.634388 1.542433 -0.026569675 
1335092789.01029 1.639933 1.542785 -0.0774386749999998 
1335092789.1185 1.643330 1.542806 -0.0134476749999999 
1335092789.22661 1.649837 1.542345 -0.031724675 
1335092789.33436 1.656023 1.542285 -0.031165675 
1335092789.44557 1.660353 1.542748 -0.0251546749999998 
1335092789.50567 1.664825 1.542317 -0.023241675 
1335092789.61264 1.670992 1.542070 -0.0269356749999998 
1335092789.72049 1.675943 1.542701 -0.0525876749999998 
1335092789.82839 1.679977 1.542218 -0.0138766749999999 
1335092789.93633 1.685881 1.542167 -0.0244486749999999 
1335092789.99621 1.692191 1.541981 -0.038642675 
1335092790.10279 1.696620 1.542518 -0.044512675 
1335092790.20993 1.700662 1.541418 -0.017146675 
1335092790.31768 1.707701 1.541357 -0.0262256749999998 
1335092790.42983 1.713668 1.541987 -0.0535746749999999 
1335092790.53723 1.717099 1.541689 -0.033195675 
1335092790.59684 1.722595 1.541384 -0.017146675 
1335092790.70337 1.729203 1.541480 -0.0419856749999998 
1335092790.81079 1.733933 1.541919 -0.044156675 
1335092790.91834 1.738247 1.541103 -0.0384336749999998 
1335092791.02745 1.744326 1.541300 -0.0262256749999998 
1335092791.13517 1.750804 1.541506 -0.0475336749999999 
1335092791.24255 1.753850 1.541032 -0.0376986749999999 
1335092791.30258 1.758964 1.541042 -0.0197046749999998 
1335092791.4092 1.766321 1.541059 -0.028323675 
1335092791.52088 1.771002 1.541607 -0.090926675 
1335092791.6282 1.775017 1.541041 -0.0381146749999999 
1335092791.73607 1.780945 1.541008 -0.0241196749999999 
1335092791.79602 1.787659 1.541408 -0.0383576749999999 
1335092791.89934 1.789404 1.540437 0.0045623250000002 
1335092792.00644 1.795868 1.540755 -0.00617367499999988 
1335092792.11383 1.803130 1.540917 -0.0241676749999999 
1335092792.22074 1.807024 1.540418 -0.042399675 
1335092792.3289 1.811800 1.540501 -0.0440796749999999 
1335092792.43341 1.817769 1.540978 -0.0175646749999998 
1335092792.54491 1.823721 1.540036 -0.0564386749999999 
1335092792.60504 1.827172 1.540348 -0.0360626749999999 
1335092792.71168 1.832572 1.540171 -0.0192266749999999 
1335092792.81977 1.838871 1.540094 -0.0696236749999999 
1335092792.92786 1.843323 1.539672 -0.040040675 
1335092793.03658 1.848875 1.539743 -0.0472116749999998 
1335092793.09641 1.854516 1.539787 -0.021017675 
1335092793.20283 1.859547 1.539243 -0.074297675 
1335092793.30999 1.864178 1.539819 -0.036704675 
1335092793.41746 1.869839 1.539694 -0.00942867499999989 
1335092793.52968 1.876154 1.539020 -0.0553616749999999 
1335092793.63787 1.880359 1.539442 -0.0282756749999999 
1335092793.6975 1.886681 1.539782 -0.036704675 
1335092793.80416 1.891622 1.539613 -0.0389956749999998 
1335092793.91144 1.897065 1.538028 -0.0624206749999998 
1335092794.0191 1.901981 1.538934 -0.0558936749999999 
1335092794.12729 1.906957 1.537196 -0.00515067499999988 
1335092794.23564 1.913669 1.537212 -0.0424626749999999 
1335092794.3428 1.918520 1.540163 -0.047214675 
1335092794.40278 1.922505 1.536080 0.00133732500000017 
1335092794.5095 1.928903 1.537036 -0.0389696749999999 
1335092794.62131 1.934256 1.536204 -0.072796675 
1335092794.72936 1.938714 1.534635 -0.010825675 
1335092794.83728 1.944926 1.534969 -0.0382946749999999 
1335092794.89709 1.950894 1.536129 -0.0703516749999999 
1335092795.00334 1.953834 1.534711 -0.0315366749999999 
1335092795.11158 1.960650 1.534553 -0.0413796749999999 
1335092795.21914 1.966508 1.535169 -0.0721446749999999 
1335092795.32745 1.970288 1.534443 -0.0383796749999998 
1335092795.435 1.976219 1.534256 -0.0313616749999999 
1335092795.54242 1.982745 1.534505 -0.0493726749999999 
1335092795.60239 1.986760 1.534051 -0.0534106749999999 
1335092795.71291 1.991765 1.534432 -0.0244486749999999 
1335092795.82104 1.998720 1.534128 -0.0396396749999999 
1335092795.92844 2.003634 1.534936 -0.0651046749999999 
1335092796.03682 2.008154 1.533866 -0.047160675 
1335092796.09645 2.014579 1.533756 -0.033233675 
1335092796.20288 2.019675 1.534069 -0.078847675 
1335092796.31023 2.023640 1.533621 -0.0447346749999999 
1335092796.4179 2.030051 1.533322 -0.0241196749999999 
1335092796.52496 2.035479 1.534162 -0.0411676749999998 
1335092796.62798 2.038113 1.536466 -0.0102216749999999 
1335092796.73445 2.045368 1.533318 -0.0175646749999998 
1335092796.82839 2.051518 1.534077 -0.0222306749999999 
1335092796.92244 2.055920 1.534216 -0.0602176749999999 
1335092797.01715 2.061239 1.533655 -0.0266596749999999 
1335092797.11147 2.068105 1.532714 -0.0411626749999998 
1335092797.2059 2.072735 1.533021 -0.0973426749999999 
1335092797.29997 2.078090 1.533544 -0.0650786749999999 
1335092797.39603 2.083722 1.532618 -0.0398696749999998 
1335092797.49607 2.087873 1.534417 -0.0532016749999999 
1335092797.59606 2.093807 1.533135 -0.0636666749999999 
1335092797.69614 2.099024 1.531768 -0.0302706749999999 
1335092797.80313 2.105569 1.533899 -0.0856206749999999 
1335092797.91054 2.109673 1.534199 -0.0566256749999998 
1335092798.0182 2.114684 1.531289 -0.0336646749999998 
1335092798.12614 2.120298 1.531740 -0.047387675 
1335092798.23387 2.125234 1.531597 -0.0395856749999999 
1335092798.34089 2.130577 1.530821 -0.0232826749999999 
1335092798.40076 2.137190 1.530969 -0.048458675 
1335092798.50747 2.141968 1.533970 -0.0399806749999998 
1335092798.61484 2.146933 1.530424 -0.0181546749999999 
1335092798.72576 2.154094 1.529773 -0.0435886749999999 
1335092798.83355 2.157798 1.529818 -0.039924675 
1335092798.94117 2.163015 1.529776 -0.0225736749999998 
1335092799.00105 2.169674 1.529708 -0.056796675 
1335092799.10981 2.173312 1.528020 -0.0541086749999999 
1335092799.21738 2.179413 1.527864 -0.0302516749999999 
1335092799.32527 2.185650 1.528824 -0.0586716749999998 
1335092799.4332 2.188490 1.527135 -0.0162146749999998 
1335092799.54104 2.195448 1.526817 -0.0426916749999999 
1335092799.60077 2.202163 1.527745 -0.0669216749999999 
1335092799.70716 2.205835 1.526744 -0.0440316749999998 
1335092799.81881 2.211745 1.526619 -0.038604675 
1335092799.92733 2.217564 1.527479 -0.0809406749999999 
1335092800.03484 2.223003 1.526575 -0.0899916749999998 
1335092800.14214 2.227992 1.526572 -0.038604675 
1335092800.20213 2.234004 1.526673 -0.057406675 
1335092800.30906 2.238238 1.526459 -0.0574346749999999 
1335092800.41651 2.244261 1.526163 -0.0396396749999999 
1335092800.52411 2.250414 1.524356 -0.0928796749999998 
1335092800.63171 2.254376 1.525913 -0.0632916749999999 
1335092800.74005 2.260099 1.526288 -0.0328756749999999 
1335092800.79982 2.266442 1.523967 -0.104313675 
1335092800.90675 2.269534 1.525954 -0.0245756749999999 
1335092801.01564 2.276549 1.525941 -0.0132536749999999 
1335092801.1237 2.282334 1.527752 -0.0746326749999999 
1335092801.23123 2.285727 1.525526 -0.0153876749999999 
1335092801.33926 2.292643 1.525813 -0.0227816749999998 
1335092801.39894 2.297020 1.528221 -0.0731866749999999 
1335092801.50555 2.302232 1.525260 -0.0175646749999998 
1335092801.61298 2.308327 1.524831 -0.041859675 
1335092801.72006 2.313485 1.527877 -0.0771866749999999 
1335092801.82814 2.318467 1.524102 -0.00516467499999984 
1335092801.94042 2.323880 1.523849 -0.060194675 
1335092802.00011 2.328322 1.524527 -0.0417416749999999 
1335092802.10671 2.335050 1.523734 -0.000464674999999914 
1335092802.21421 2.340890 1.526518 -0.101735675 
1335092802.32134 2.343781 1.524291 -0.0106656749999998 
1335092802.42889 2.349876 1.523457 -0.0348966749999999 
1335092802.53659 2.355045 1.526902 -0.0826506749999998 
1335092802.59658 2.360474 1.523607 -0.00583167499999981 
1335092802.70311 2.365786 1.522378 -0.0651466749999998 
1335092802.81046 2.371749 1.526696 -0.080610675 
1335092802.92235 2.376509 1.522688 -0.0345866749999999 
1335092803.03235 2.381989 1.521870 -0.0807896749999999 
1335092803.14043 2.386325 1.522337 -0.00206867499999985 
1335092803.20002 2.393704 1.522163 -0.0286626749999999 
1335092803.30664 2.398371 1.522520 -0.086510675 
1335092803.41404 2.402995 1.521458 -0.0139766749999999 
1335092803.5205 2.410234 1.521370 -0.0451506749999999 
1335092803.62871 2.414247 1.520441 -0.0767436749999999 
1335092803.73572 2.419936 1.521156 -0.0113476749999999 
1335092803.84314 2.425734 1.520080 -0.105576675 
1335092803.90325 2.429823 1.519925 -0.0408276749999998 
1335092804.0141 2.436936 1.520186 -0.038634675 
1335092804.12208 2.442315 1.518805 -0.109070675 
1335092804.23024 2.446263 1.519122 -0.026107675 
1335092804.33825 2.452758 1.519252 -0.0708926749999998 
1335092804.39808 2.456702 1.519008 -0.0426096749999998 
1335092804.50482 2.463437 1.519339 -0.023416675 
1335092804.61228 2.467258 1.515480 -0.0581666749999998 
1335092804.71978 2.472311 1.518170 -0.036110675 
1335092804.82816 2.480026 1.519308 -0.0380826749999998 
1335092804.93575 2.485068 1.515855 -0.133537675 
1335092805.04949 2.489556 1.517765 -0.033727675 
1335092805.10972 2.494715 1.518179 -0.095633675 
1335092805.21682 2.498875 1.517076 -0.0356946749999998 
1335092805.32451 2.506176 1.518023 -0.0173966749999999 
1335092805.43249 2.512696 1.519282 -0.135063675 
1335092805.54057 2.515830 1.516365 -0.0217256749999999 
1335092805.60021 2.521491 1.517296 -0.0845976749999999 
1335092805.70676 2.525772 1.516372 -0.0265806749999999 
1335092805.81443 2.531876 1.515755 -0.0333626749999998 
1335092805.92257 2.538959 1.519054 -0.126211675 
1335092806.03466 2.542446 1.515925 -0.0212096749999999 
1335092806.14244 2.548140 1.516006 -0.0701546749999999 
1335092806.20236 2.552930 1.516797 -0.042426675 
1335092806.30904 2.559366 1.514880 -0.0321626749999999 
1335092806.41655 2.564510 1.515705 -0.0884176749999999 
1335092806.52403 2.569829 1.514613 -0.0145956749999998 
1335092806.63201 2.573881 1.513080 -0.103124675 
1335092806.74033 2.579904 1.515578 -0.0448536749999999 
1335092806.8001 2.586369 1.514154 -0.0414186749999998 
1335092806.90315 2.591496 1.513148 -0.122848675 
1335092807.01169 2.596465 1.513659 -0.0107896749999998 
1335092807.12485 2.601386 1.512931 -0.117499675 
1335092807.23291 2.606048 1.514018 -0.025149675 
1335092807.34085 2.613175 1.512612 -0.051468675 
1335092807.40065 2.618046 1.511477 -0.0953566749999999 
1335092807.50719 2.623838 1.512575 -0.00823467499999997 
1335092807.61477 2.629158 1.511087 -0.108981675 
1335092807.72201 2.633536 1.512611 -0.012312675 
1335092807.83025 2.639551 1.511273 -0.091142675 
1335092807.93836 2.646731 1.508364 -0.137657675 
1335092807.99814 2.651656 1.511575 -0.0203246749999999 
1335092808.10902 2.656337 1.509948 -0.120072675 
1335092808.21659 2.661324 1.510614 -0.0274376749999998 
1335092808.32399 2.666044 1.510426 -0.099209675 
1335092808.43087 2.669815 1.507477 -0.0160636749999998 
1335092808.53891 2.676990 1.508665 -0.033446675 
1335092808.59847 2.684326 1.511176 -0.136853675 
1335092808.70514 2.689456 1.512275 -0.0376126749999999 
1335092808.81281 2.693986 1.510605 -0.126211675 
1335092808.92047 2.697492 1.507558 -0.0256646749999998 
1335092809.03109 2.702271 1.507761 -0.108295675 
1335092809.14348 2.709448 1.508550 -0.0856266749999999 
1335092809.20348 2.713443 1.506324 -0.0873156749999999 
1335092809.31017 2.720619 1.506691 -0.116078675 
1335092809.41767 2.725095 1.505337 -0.0334176749999999 
1335092809.52481 2.730433 1.505940 -0.113434675 
1335092809.6328 2.735112 1.505454 -0.0173406749999998 
1335092809.74093 2.740765 1.505082 -0.123360675 
1335092809.80053 2.745414 1.505659 -0.0404226749999999 
1335092809.90357 2.749876 1.502239 -0.147769675 
1335092810.0107 2.757429 1.503757 -0.0828866749999999 
1335092810.11836 2.761133 1.503545 -0.0955846749999998 
1335092810.23125 2.767500 1.500621 -0.109304675 
1335092810.33943 2.770474 1.502951 -0.099598675 
1335092810.39918 2.774403 1.503149 -0.011732675 
1335092810.50514 2.779497 1.500491 -0.164741675 
1335092810.6183 2.780139 1.502595 -0.083487675 
1335092810.71221 2.780139 1.502595 -0.083487675 
1335092810.8057 2.780139 1.502595 -0.083487675 
1335092810.8993 2.780139 1.502595 -0.083487675 
1335092810.99682 2.780139 1.502595 -0.083487675 
1335092811.10597 2.780139 1.502595 -0.083487675 
1335092811.21763 2.780139 1.502595 -0.083487675 
1335092811.32546 2.780139 1.502595 -0.083487675 
1335092811.43319 2.780139 1.502595 -0.083487675 
1335092811.54125 2.780139 1.502595 -0.083487675 
1335092811.60103 2.780139 1.502595 -0.083487675 
1335092811.70788 2.780139 1.502595 -0.083487675 
1335092811.81545 2.780139 1.502595 -0.083487675 
1335092811.92271 2.780139 1.502595 -0.083487675 
1335092812.03061 2.780139 1.502595 -0.083487675 
1335092812.13857 2.780139 1.502595 -0.083487675 
1335092812.19848 2.780139 1.502595 -0.083487675 
1335092812.30839 2.780139 1.502595 -0.083487675 
1335092812.41583 2.780139 1.502595 -0.083487675 
1335092812.5236 2.780139 1.502595 -0.083487675 
1335092812.63157 2.780139 1.502595 -0.083487675 
1335092812.73987 2.780139 1.502595 -0.083487675 
1335092812.79971 2.780139 1.502595 -0.083487675 
1335092812.90678 2.780139 1.502595 -0.083487675 
1335092813.01502 2.780139 1.502595 -0.083487675 
1335092813.12295 2.780139 1.502595 -0.083487675 
1335092813.23098 2.780139 1.502595 -0.083487675 
1335092813.34289 2.780139 1.502595 -0.083487675 
1335092813.40292 2.780139 1.502595 -0.083487675 
1335092813.50988 2.780139 1.502595 -0.083487675 
1335092813.61751 2.780139 1.502595 -0.083487675 
1335092813.72534 2.780139 1.502595 -0.083487675 
1335092813.83227 2.780139 1.502595 -0.083487675 
1335092813.93871 2.780139 1.502595 -0.083487675 
1335092813.99853 2.780139 1.502595 -0.083487675 
1335092814.10552 2.780139 1.502595 -0.083487675 
1335092814.19916 2.780139 1.502595 -0.083487675 
1335092814.29706 2.780139 1.502595 -0.083487675 
1335092814.39696 2.780139 1.502595 -0.083487675 
1335092814.497 2.780139 1.502595 -0.083487675 
1335092814.59699 2.780139 1.502595 -0.083487675 
1335092814.69703 2.780139 1.502595 -0.083487675 
1335092814.8034 2.780139 1.502595 -0.083487675 
1335092814.9109 2.780139 1.502595 -0.083487675 
1335092815.01921 2.780139 1.502595 -0.083487675 
1335092815.12672 2.780139 1.502595 -0.083487675 
1335092815.23441 2.780139 1.502595 -0.083487675 
1335092815.34614 2.780139 1.502595 -0.083487675 
1335092815.40763 2.780139 1.502595 -0.083487675 
1335092815.51529 2.780139 1.502595 -0.083487675 
1335092815.62353 2.780139 1.502595 -0.083487675 
1335092815.72929 2.780139 1.502595 -0.083487675 
1335092815.82415 2.780139 1.502595 -0.083487675 
1335092815.91796 2.780139 1.502595 -0.083487675 
1335092816.01195 2.780139 1.502595 -0.083487675 
1335092816.10581 2.780139 1.502595 -0.083487675 
1335092816.19973 2.780139 1.502595 -0.083487675 
1335092816.29727 2.780139 1.502595 -0.083487675 
1335092816.3971 2.780139 1.502595 -0.083487675 
1335092816.49708 2.780139 1.502595 -0.083487675 
1335092816.5971 2.780139 1.502595 -0.083487675 
1335092816.69714 2.780139 1.502595 -0.083487675 
1335092816.80438 2.780139 1.502595 -0.083487675 
