1335102948.85544 0.736558 0.994806 -2.360997975 
1335102948.98255 0.736598 0.994687 -2.359280975 
1335102949.09868 0.736558 0.994806 -2.360997975 
1335102949.17565 0.736491 0.994638 -2.355968975 
1335102949.307 0.736558 0.994806 -2.360997975 
1335102949.35467 0.736558 0.994806 -2.360997975 
1335102949.47234 0.736558 0.994806 -2.360997975 
1335102949.56702 0.736746 0.994835 -2.365574975 
1335102949.65772 0.736558 0.994806 -2.360997975 
1335102949.7687 0.736558 0.994806 -2.360997975 
1335102949.87924 0.736558 0.994806 -2.360997975 
1335102949.9955 0.736491 0.994638 -2.355968975 
1335102950.05489 0.736491 0.994638 -2.355968975 
1335102950.16209 0.733322 0.991838 -2.446256975 
1335102950.26984 0.728360 0.990844 -2.547054975 
1335102950.37789 0.724255 0.989609 -2.606385975 
1335102950.49125 0.718634 0.987345 -2.714491975 
1335102950.5993 0.713839 0.986932 -2.815048975 
1335102950.65937 0.708416 0.986514 -2.894866975 
1335102950.7666 0.703204 0.986268 -2.964781975 
1335102950.87444 0.697480 0.986307 -3.021260975 
1335102950.98198 0.693063 0.986684 -3.039556975 
1335102951.09091 0.687364 0.986213 -3.056375975 
1335102951.19912 0.682132 0.986493 -3.091062975 
1335102951.25906 0.677212 0.987308 -3.101895975 
1335102951.36632 0.671114 0.986940 -3.136174975 
1335102951.47841 0.665602 0.989812 3.130308325 
1335102951.58689 0.660923 0.990284 3.109890325 
1335102951.69511 0.655378 0.989356 3.120084325 
1335102951.75531 0.651266 0.991056 3.129460325 
1335102951.86244 0.645557 0.990899 3.097811325 
1335102951.97023 0.640145 0.991656 3.097921325 
1335102952.07832 0.634991 0.991788 3.095157325 
1335102952.18682 0.629130 0.992739 3.101532325 
1335102952.29517 0.623651 0.994988 3.101842325 
1335102952.35531 0.619768 0.996276 3.127865325 
1335102952.46228 0.613953 0.996314 3.071583325 
1335102952.57415 0.607916 0.996206 3.090662325 
1335102952.68277 0.603456 0.996979 3.063670325 
1335102952.78872 0.597264 0.996853 3.084977325 
1335102952.89673 0.593042 0.997827 3.076152325 
1335102952.95654 0.587253 0.998558 3.116681325 
1335102953.06461 0.582104 1.000658 3.116714325 
1335102953.17241 0.575700 1.001416 3.108868325 
1335102953.2801 0.571680 1.002361 3.093868325 
1335102953.38844 0.565724 1.002318 3.109136325 
1335102953.49686 0.560466 1.002706 3.111049325 
1335102953.55661 0.555332 1.002535 3.115529325 
1335102953.66768 0.549919 1.003275 -3.139991975 
1335102953.77571 0.544726 1.003214 -3.140982975 
1335102953.88399 0.539707 1.004136 -3.117380975 
1335102953.99188 0.536387 1.006141 -3.080730975 
1335102954.09979 0.530655 1.005629 -3.107728975 
1335102954.15995 0.526995 1.006907 -3.095152975 
1335102954.26747 0.523635 1.006138 -3.113320975 
1335102954.37529 0.520701 1.005913 -3.049525975 
1335102954.48173 0.517901 1.006806 -3.071644975 
1335102954.57628 0.515907 1.003550 -2.864804975 
1335102954.67496 0.515966 1.000673 -2.546367975 
1335102954.77038 0.517458 0.999519 -2.248394975 
1335102954.86513 0.521418 0.998739 -1.932270975 
1335102954.95974 0.522594 0.996625 -1.644596975 
1335102955.05532 0.526908 0.996952 -1.386837675 
1335102955.15369 0.528077 0.998116 -1.160750675 
1335102955.26157 0.530976 0.997437 -0.950392675 
1335102955.36978 0.535482 0.992136 -0.826064675 
1335102955.47825 0.539501 0.988977 -0.661969675 
1335102955.58621 0.545256 0.987525 -0.546521675 
1335102955.6982 0.550486 0.987528 -0.446559675 
1335102955.75855 0.553920 0.986068 -0.360465675 
1335102955.86608 0.558486 0.986064 -0.306940675 
1335102955.97444 0.564805 0.984152 -0.236406675 
1335102956.08352 0.570158 0.983354 -0.162225675 
1335102956.19148 0.575350 0.983205 -0.126739675 
1335102956.29938 0.580525 0.983654 -0.103347675 
1335102956.35927 0.585254 0.983057 -0.0926796749999999 
1335102956.46642 0.591864 0.983482 -0.088618675 
1335102956.5736 0.596020 0.982940 -0.0541546749999999 
1335102956.68497 0.601592 0.983418 -0.0417726749999998 
1335102956.79265 0.608014 0.983876 -0.0510036749999998 
1335102956.90016 0.612612 0.983569 -0.0416406749999998 
1335102956.96038 0.618038 0.984222 -0.0417726749999998 
1335102957.07008 0.622981 0.984069 -0.013621675 
1335102957.1782 0.628165 0.984073 -0.015662675 
1335102957.28354 0.634036 0.985733 -0.030488675 
1335102957.39159 0.639337 0.984212 -0.00115467499999999 
1335102957.49964 0.644321 0.984722 -0.0208766749999998 
1335102957.55957 0.650459 0.985908 -0.005181675 
1335102957.66675 0.655474 0.984984 0.0131173250000001 
1335102957.77906 0.660246 0.985672 0.00162432500000009 
1335102957.88718 0.667044 0.986680 -0.0153886749999999 
1335102957.99547 0.671517 0.985534 -0.0112316749999999 
1335102958.05541 0.676494 0.986015 0.00340432500000021 
1335102958.16251 0.681992 0.987059 0.021768325 
1335102958.27025 0.687435 0.985864 0.0174733250000001 
1335102958.3784 0.692225 0.987441 0.0133973250000001 
1335102958.48778 0.697676 0.988304 0.00751432500000004 
1335102958.59603 0.703457 0.986935 0.014489325 
1335102958.65597 0.708725 0.987465 0.00340432500000021 
1335102958.76737 0.714341 0.988608 0.0168933250000001 
1335102958.87511 0.719065 0.987277 0.00126332500000004 
1335102958.98339 0.724909 0.988186 0.00821432500000019 
1335102959.09298 0.730160 0.989245 0.00113832500000011 
1335102959.20091 0.735125 0.987810 0.00383532500000006 
1335102959.26053 0.740579 0.988674 -0.000419674999999842 
1335102959.36769 0.746870 0.990120 -0.000980674999999875 
1335102959.47574 0.751653 0.988866 -0.000339674999999984 
1335102959.58383 0.756780 0.989541 0.00821432500000019 
1335102959.6911 0.761938 0.991385 0.00711332500000017 
1335102959.80299 0.767439 0.989721 0.0195243250000001 
1335102959.86307 0.772220 0.990873 0.018270325 
1335102959.97034 0.778343 0.991515 0.0169303250000001 
1335102960.07858 0.783651 0.990488 0.00687032500000018 
1335102960.18696 0.787643 0.992157 0.005995325 
1335102960.29534 0.794213 0.992082 0.00349632500000019 
1335102960.35526 0.799592 0.991721 0.000841325000000115 
1335102960.4623 0.804094 0.992995 0.00748532500000021 
1335102960.57009 0.810102 0.993356 -0.030488675 
1335102960.67708 0.815687 0.992674 0.0131643250000002 
1335102960.78559 0.820185 0.993351 0.0205473250000001 
1335102960.89864 0.826899 0.993681 0.005995325 
1335102960.95868 0.831689 0.993879 -0.0154616749999998 
1335102961.0674 0.835994 0.994082 0.0259853250000002 
1335102961.17511 0.842511 0.994263 0.005995325 
1335102961.28351 0.847616 0.994131 -0.00425067499999998 
1335102961.39158 0.852257 0.994769 0.037644325 
1335102961.5 0.858012 0.994798 0.00405332500000011 
1335102961.55985 0.863430 0.994748 0.00427532500000005 
1335102961.66706 0.868101 0.995463 0.0161063250000002 
1335102961.77489 0.873887 0.995659 0.0152943250000002 
1335102961.88715 0.879055 0.995723 -0.0121656749999999 
1335102961.9953 0.884077 0.995814 0.0119093250000002 
1335102962.05538 0.889200 0.996158 0.010378325 
1335102962.16239 0.895304 0.996772 -0.0427736749999998 
1335102962.27 0.900291 0.997182 0.00586832500000001 
1335102962.37786 0.904774 0.996712 0.0152943250000002 
1335102962.48619 0.911339 0.997008 -0.0214806749999998 
1335102962.59448 0.915781 0.998270 0.021142325 
1335102962.65457 0.920793 0.997290 0.0153383250000001 
1335102962.76169 0.926799 0.997999 -0.0190536749999999 
1335102962.86917 0.931132 0.998578 -0.00295367499999988 
1335102962.98183 0.937164 0.997707 0.0288823250000001 
1335102963.09109 0.942244 0.998513 -0.023330675 
1335102963.19929 0.947509 0.998972 -0.00290867499999981 
1335102963.25946 0.953423 0.998732 0.00591032500000011 
1335102963.36674 0.957449 0.999184 -0.017411675 
1335102963.47449 0.963391 0.999925 -0.00410367499999986 
1335102963.58265 0.969057 1.001183 0.0154733250000001 
1335102963.6895 0.974254 0.998722 0.0394063250000001 
1335102963.79796 0.980116 1.000448 -0.025983675 
1335102963.85808 0.984464 1.001870 -0.00630367499999984 
1335102963.96947 0.990198 1.001787 0.0190283250000001 
1335102964.07729 0.995126 1.000375 -0.00940067499999997 
1335102964.18554 1.000047 1.002869 0.00646832500000016 
1335102964.29376 1.006926 1.002352 0.0133273250000001 
1335102964.4013 1.011884 1.003333 0.0193443250000001 
1335102964.46139 1.016446 1.002911 -0.000640674999999868 
1335102964.56876 1.022554 1.003174 0.00137432500000001 
1335102964.67672 1.027562 1.003368 0.00437932500000016 
1335102964.78427 1.033174 1.004303 -0.0367356749999999 
1335102964.89164 1.037662 1.003682 0.000424325000000003 
1335102965.00395 1.043940 1.003944 -0.015208675 
1335102965.06527 1.048383 1.004637 -0.0169546749999998 
1335102965.17282 1.052818 1.004916 0.00495732500000012 
1335102965.28143 1.059512 1.004648 0.00772532500000001 
1335102965.38976 1.064126 1.005407 0.00393832500000002 
1335102965.49823 1.070851 1.005539 -0.0464446749999998 
1335102965.55812 1.075229 1.005468 0.00235532500000013 
1335102965.66532 1.080880 1.005459 -0.0178736749999999 
1335102965.75992 1.086063 1.005751 -0.0108306749999998 
1335102965.85496 1.090001 1.006452 0.00100332500000011 
1335102965.95424 1.096371 1.005799 0.0217023250000001 
1335102966.05424 1.101486 1.006026 0.00539132500000017 
1335102966.15422 1.107727 1.006433 -0.038828675 
1335102966.25431 1.111982 1.006895 0.0133213250000002 
1335102966.36265 1.117129 1.006517 -0.00830067499999987 
1335102966.47064 1.123038 1.006280 -0.0338526749999999 
1335102966.57937 1.127415 1.007389 0.0050643250000002 
1335102966.688 1.133408 1.007447 0.0133873250000001 
1335102966.7968 1.138029 1.007829 0.0074273250000001 
1335102966.85665 1.144282 1.008564 -0.0521016749999998 
1335102966.96393 1.149049 1.007933 0.00911932500000012 
1335102967.07724 1.153898 1.009018 0.00775832500000018 
1335102967.18535 1.160276 1.008413 -0.00179767499999994 
1335102967.29453 1.164121 1.008299 0.0097943250000001 
1335102967.35483 1.169379 1.009799 0.0082573250000002 
1335102967.46212 1.175027 1.009596 -0.00369367499999984 
1335102967.56996 1.181212 1.009154 -0.017713675 
1335102967.67787 1.185823 1.009193 0.00693632500000008 
1335102967.78638 1.189747 1.010564 -0.00680267499999987 
1335102967.89388 1.196826 1.010002 -0.0247976749999999 
1335102968.00168 1.201358 1.010985 -0.00731167499999996 
1335102968.06225 1.205927 1.011036 0.021609325 
1335102968.17528 1.211824 1.010645 -0.00924267499999987 
1335102968.284 1.217663 1.009884 -0.041651675 
1335102968.39239 1.222198 1.010064 -0.011373675 
1335102968.5003 1.226931 1.011385 -0.0160306749999999 
1335102968.56029 1.233580 1.010370 -0.0206886749999999 
1335102968.66795 1.238431 1.011593 -0.000835674999999814 
1335102968.77614 1.243179 1.011075 0.0144303250000002 
1335102968.88432 1.248738 1.011272 -0.00680267499999987 
1335102968.99241 1.254703 1.011443 0.0124883250000001 
1335102969.10127 1.259840 1.011130 -0.0224366749999998 
1335102969.16194 1.264183 1.011579 -0.000580674999999919 
1335102969.2741 1.270139 1.012067 -0.0300606749999999 
1335102969.38106 1.274958 1.011378 -0.0110986749999999 
1335102969.48928 1.280277 1.011806 -0.028577675 
1335102969.59784 1.285843 1.011183 -0.0127346749999999 
1335102969.65782 1.291326 1.011094 -0.056642675 
1335102969.76483 1.296363 1.011576 -0.031651675 
1335102969.87269 1.300691 1.011796 -0.00743067499999994 
1335102969.98045 1.306692 1.012218 -0.0350006749999998 
1335102970.08869 1.312085 1.012299 -0.0107576749999998 
1335102970.19669 1.316903 1.012154 0.00485532500000008 
1335102970.2566 1.322558 1.012619 -0.0122916749999999 
1335102970.36895 1.328933 1.012107 -0.026056675 
1335102970.47704 1.333069 1.012254 -0.0139576749999999 
1335102970.58608 1.337801 1.012429 0.00795032500000015 
1335102970.6942 1.344536 1.012701 -0.0122916749999999 
1335102970.75446 1.348681 1.012382 -0.00950067499999996 
1335102970.8614 1.353394 1.013066 -0.00849867499999979 
1335102970.96919 1.359180 1.012736 -0.0122916749999999 
1335102971.07927 1.365646 1.012580 -0.0413666749999999 
1335102971.18848 1.370033 1.012292 -0.025686675 
1335102971.29704 1.374328 1.012644 0.005223325 
1335102971.35699 1.380816 1.012747 -0.023322675 
1335102971.46803 1.386144 1.012335 -0.0247706749999999 
1335102971.57612 1.391033 1.012606 -0.00925867499999988 
1335102971.68443 1.395772 1.012755 -0.0122916749999999 
1335102971.79257 1.402510 1.012723 -0.0321516749999999 
1335102971.90056 1.407231 1.012410 -0.00950067499999996 
1335102971.96049 1.411614 1.013120 0.00230032500000021 
1335102972.06771 1.417721 1.012719 -0.0122916749999999 
1335102972.17581 1.423196 1.013225 -0.00733767499999982 
1335102972.28434 1.427287 1.013858 -0.00981967499999992 
1335102972.39235 1.432355 1.012902 -0.012385675 
1335102972.50423 1.438781 1.012692 -0.0342326749999999 
1335102972.5644 1.443563 1.013523 -0.0212086749999998 
1335102972.67176 1.448025 1.013220 -0.00345867499999986 
1335102972.77974 1.453903 1.012605 -0.0262246749999999 
1335102972.88854 1.460259 1.012895 -0.037079675 
1335102972.99683 1.463862 1.013994 -0.027740675 
1335102973.05773 1.469147 1.013486 -0.031851675 
1335102973.16478 1.474966 1.012875 -0.0489036749999998 
1335102973.27257 1.481018 1.013895 -0.0235346749999998 
1335102973.37972 1.484791 1.014048 0.00245632500000004 
1335102973.49183 1.490726 1.012635 -0.0190536749999999 
1335102973.60007 1.496530 1.013207 -0.0434966749999999 
1335102973.65994 1.501441 1.013775 0.00285532500000008 
1335102973.76713 1.505769 1.013209 -0.031851675 
1335102973.87477 1.512231 1.012944 -0.0273126749999999 
1335102973.98279 1.517958 1.012616 -0.0401506749999998 
1335102974.09096 1.522097 1.014355 -0.040472675 
1335102974.19968 1.527254 1.012390 -0.014709675 
1335102974.25949 1.533332 1.012765 -0.038615675 
1335102974.36669 1.538447 1.013081 -0.0154336749999999 
1335102974.47451 1.541767 1.014448 -0.00881567499999991 
1335102974.58769 1.549368 1.011441 -0.018218675 
1335102974.69581 1.554566 1.012004 -0.0429046749999999 
1335102974.75636 1.559243 1.013185 -0.0255856749999999 
1335102974.86257 1.563802 1.014178 -0.00881767499999997 
1335102974.9703 1.570060 1.012316 -0.0386136749999999 
1335102975.07975 1.575747 1.013212 -0.0265926749999998 
1335102975.18826 1.578509 1.013978 -0.00881767499999997 
1335102975.2965 1.586118 1.012389 -0.0172246749999998 
1335102975.37523 1.591903 1.011404 -0.0457586749999999 
1335102975.48165 1.596214 1.013127 -0.048693675 
1335102975.59493 1.600597 1.013648 -0.00881767499999997 
1335102975.65482 1.607175 1.011546 -0.0284686749999998 
1335102975.76177 1.612288 1.012288 -0.0354746749999999 
1335102975.86919 1.615497 1.013138 -0.00394967499999987 
1335102975.97654 1.622909 1.011683 -0.0330006749999998 
1335102976.08537 1.628543 1.010879 -0.0536776749999999 
1335102976.19414 1.632983 1.012378 -0.081992675 
1335102976.30206 1.637497 1.013020 -0.00881767499999997 
1335102976.36209 1.643880 1.010827 -0.0415486749999998 
1335102976.46937 1.649798 1.011611 -0.0355586749999999 
1335102976.58211 1.652579 1.012362 0.000217325000000157 
1335102976.69053 1.659417 1.010959 -0.016995675 
1335102976.7991 1.665795 1.010392 -0.0240636749999998 
1335102976.85911 1.669459 1.012079 -0.0409296749999999 
1335102976.96614 1.674210 1.012627 -0.015783675 
1335102977.07553 1.680853 1.010376 -0.0386136749999999 
1335102977.18442 1.685975 1.011870 -0.046566675 
1335102977.29245 1.690020 1.011675 -0.0294696749999999 
1335102977.40047 1.697058 1.011158 -0.0167916749999999 
1335102977.46049 1.701622 1.010081 -0.028790675 
1335102977.56776 1.706091 1.011861 -0.057916675 
1335102977.67996 1.711646 1.011536 -0.00735267499999992 
1335102977.78897 1.718311 1.011124 -0.0561976749999999 
1335102977.89722 1.722754 1.011243 -0.0433776749999999 
1335102977.95701 1.728010 1.010556 -0.0536366749999999 
1335102978.06362 1.734288 1.011002 -0.0181016749999998 
1335102978.17147 1.739213 1.009364 -0.0565626749999999 
1335102978.27978 1.743448 1.011190 -0.056707675 
1335102978.38866 1.748875 1.011794 0.0083233250000001 
1335102978.49695 1.755254 1.009563 -0.0446176749999998 
1335102978.55685 1.760271 1.010242 -0.0576616749999999 
1335102978.66805 1.763860 1.011398 0.0083233250000001 
1335102978.7762 1.770603 1.009774 -0.056631675 
1335102978.88071 1.775310 1.008844 -0.0491996749999999 
1335102978.98956 1.780710 1.010245 -0.0513086749999998 
1335102979.09908 1.785718 1.010008 -0.0137496749999999 
1335102979.15894 1.791880 1.008394 -0.075174675 
1335102979.26601 1.796720 1.009935 -0.082321675 
1335102979.37379 1.801417 1.010107 0.00666332500000011 
1335102979.48145 1.807617 1.008109 -0.0538126749999999 
1335102979.59019 1.812767 1.009169 -0.0639636749999999 
1335102979.70287 1.816562 1.009887 0.0083233250000001 
1335102979.76301 1.823763 1.008543 -0.044137675 
1335102979.87024 1.828956 1.009347 -0.0296456749999998 
1335102979.97844 1.831433 1.009780 0.000134325000000102 
1335102980.08693 1.839466 1.008944 -0.0142326749999999 
1335102980.19533 1.844606 1.009111 -0.051681675 
1335102980.25532 1.849548 1.008962 -0.0766516749999999 
1335102980.36255 1.854205 1.009051 0.000134325000000102 
1335102980.47018 1.860206 1.009120 -0.0636156749999999 
1335102980.57751 1.864645 1.008635 -0.0907356749999999 
1335102980.68593 1.869435 1.008545 0.000134325000000102 
1335102980.799 1.875220 1.008292 -0.0610766749999998 
1335102980.85887 1.881030 1.006704 -0.0952486749999999 
1335102980.96586 1.887288 1.006990 -0.081811675 
1335102981.07538 1.891449 1.006932 -0.0289026749999999 
1335102981.1833 1.896811 1.006160 -0.0984616749999998 
1335102981.29173 1.902887 1.006091 -0.0723506749999998 
1335102981.39988 1.907116 1.006300 -0.0195096749999999 
1335102981.45987 1.913321 1.004541 -0.0848706749999999 
1335102981.56698 1.920729 1.006089 -0.148057675 
1335102981.67477 1.923529 1.006362 -0.0143816749999999 
1335102981.78694 1.929151 1.004307 -0.0710976749999999 
1335102981.89449 1.936146 1.005514 -0.148057675 
1335102982.00177 1.938513 1.005832 0.000571325000000122 
1335102982.06183 1.944276 1.004637 -0.058137675 
1335102982.16916 1.950744 1.003830 -0.0997666749999999 
1335102982.27727 1.953960 1.005480 0.000134325000000102 
1335102982.38556 1.960294 1.004285 -0.0306516749999999 
1335102982.49365 1.965483 1.003984 -0.103254675 
1335102982.6017 1.968768 1.004944 -0.0221666749999998 
1335102982.66087 1.973569 1.003694 -0.113114675 
1335102982.7681 1.976143 1.004329 -0.0362126749999998 
1335102982.89804 1.981823 1.004988 -0.137674675 
1335102982.95784 1.982921 1.003689 -0.0638796749999999 
1335102983.06622 1.982579 1.007156 0.176004325 
1335102983.17428 1.981279 1.007705 0.364597325 
1335102983.28123 1.984559 1.010674 0.525603325 
1335102983.38963 1.988411 1.015130 0.691399325 
1335102983.49804 1.992038 1.018885 0.848508325 
1335102983.55776 1.992589 1.023428 0.967996325 
1335102983.66495 1.995000 1.029707 1.074725325 
1335102983.77277 1.995428 1.033591 1.226240325 
1335102983.88542 1.995418 1.037594 1.331918325 
1335102983.99291 1.996109 1.043191 1.359912325 
1335102984.10117 1.997731 1.048404 1.413009325 
1335102984.16108 1.997610 1.054871 1.426652325 
1335102984.26828 1.997681 1.058921 1.469300325 
1335102984.37591 1.998088 1.065192 1.478734325 
1335102984.48408 1.997306 1.069956 1.525078325 
1335102984.59229 1.998154 1.075431 1.555286325 
1335102984.70053 1.997851 1.081061 1.520836325 
1335102984.76056 1.996892 1.084894 1.539169325 
1335102984.8721 1.997639 1.091085 1.578229325 
1335102984.9798 1.998049 1.096834 1.525587325 
1335102985.08929 1.997210 1.102388 1.536926325 
1335102985.19777 1.998889 1.105804 1.588982325 
1335102985.25756 1.997666 1.113428 1.569392325 
1335102985.36441 1.996906 1.117871 1.549834325 
1335102985.47217 1.998320 1.121709 1.595753325 
1335102985.58086 1.997688 1.128425 1.589609325 
1335102985.68845 1.998423 1.132651 1.568530325 
1335102985.79659 1.997082 1.136407 1.607991325 
1335102985.8568 1.998505 1.143437 1.589568325 
1335102985.96745 1.999542 1.148353 1.550822325 
1335102986.07525 1.998452 1.154449 1.516035325 
1335102986.18336 1.998243 1.158336 1.585810325 
1335102986.2915 1.999346 1.164046 1.554732325 
1335102986.39983 1.998778 1.169266 1.567164325 
1335102986.45966 1.998696 1.173962 1.567573325 
1335102986.56681 1.998308 1.178408 1.503527325 
1335102986.67473 1.999408 1.185565 1.556501325 
1335102986.78268 2.000265 1.191444 1.518516325 
1335102986.88958 1.997790 1.195405 1.575306325 
1335102986.99569 1.998857 1.200979 1.568845325 
1335102987.05673 1.997846 1.205227 1.618037325 
1335102987.16342 1.997053 1.210610 1.584442325 
1335102987.27116 1.998485 1.216194 1.573091325 
1335102987.37905 1.998307 1.221336 1.557540325 
1335102987.48682 1.997026 1.225451 1.585193325 
1335102987.595 1.998491 1.231266 1.584759325 
1335102987.65535 1.998821 1.236593 1.576138325 
1335102987.76239 1.997060 1.241173 1.598496325 
1335102987.87001 1.997292 1.246820 1.555037325 
1335102987.98225 1.998786 1.252741 1.549454325 
1335102988.08995 1.998596 1.256925 1.580986325 
1335102988.19852 1.996895 1.262578 1.574932325 
1335102988.2584 1.998501 1.268011 1.562589325 
1335102988.36542 1.998142 1.273586 1.576569325 
1335102988.47328 1.996877 1.278266 1.579492325 
1335102988.58172 1.997371 1.283844 1.561471325 
1335102988.68672 1.998339 1.289882 1.541694325 
1335102988.79498 1.998432 1.293620 1.578986325 
1335102988.90259 1.997466 1.298611 1.564396325 
1335102988.96273 1.998515 1.304679 1.539168325 
1335102989.07562 1.998433 1.309960 1.567801325 
1335102989.18243 1.997714 1.314535 1.582683325 
1335102989.29159 1.998039 1.320503 1.590623325 
1335102989.39987 1.997808 1.325518 1.578744325 
1335102989.45983 1.997440 1.330543 1.562362325 
1335102989.56678 1.996446 1.335562 1.594057325 
1335102989.67463 1.997927 1.341642 1.552283325 
1335102989.78249 1.998217 1.346559 1.572480325 
1335102989.88744 1.997759 1.351272 1.558258325 
1335102989.99563 1.997446 1.357679 1.570387325 
1335102990.05584 1.998028 1.362452 1.559113325 
1335102990.16668 1.997512 1.367797 1.605403325 
1335102990.2747 1.997238 1.372938 1.548258325 
1335102990.38225 1.997278 1.378033 1.558113325 
1335102990.49052 1.997477 1.383261 1.575020325 
1335102990.59827 1.998060 1.388198 1.549136325 
1335102990.6582 1.997857 1.393289 1.576698325 
1335102990.76481 1.997957 1.398562 1.570796325 
1335102990.87262 1.998118 1.404098 1.589818325 
1335102990.98122 1.997867 1.409583 1.568625325 
1335102991.09075 1.997817 1.414999 1.553645325 
1335102991.20325 1.997498 1.419389 1.553601325 
1335102991.26331 1.997658 1.425508 1.556590325 
1335102991.37072 1.997985 1.430095 1.566458325 
1335102991.47882 1.997424 1.435073 1.576260325 
1335102991.5874 1.997954 1.440581 1.589136325 
1335102991.69535 1.997332 1.445851 1.591573325 
1335102991.80237 1.997081 1.451472 1.573072325 
1335102991.86243 1.997521 1.456270 1.574972325 
1335102991.96956 1.998079 1.461412 1.557223325 
1335102992.07751 1.997310 1.466635 1.569137325 
1335102992.19009 1.998037 1.471889 1.555654325 
1335102992.29456 1.998105 1.476420 1.567296325 
1335102992.40234 1.997864 1.482168 1.580566325 
1335102992.46234 1.997243 1.487505 1.592849325 
1335102992.56964 1.997839 1.493059 1.587726325 
1335102992.67754 1.998078 1.498271 1.567296325 
1335102992.78577 1.998430 1.503983 1.581836325 
1335102992.89317 1.997877 1.508770 1.572007325 
1335102993.00121 1.998019 1.512955 1.571662325 
1335102993.06233 1.998440 1.519172 1.559756325 
1335102993.1696 1.998116 1.525274 1.557924325 
1335102993.28204 1.998128 1.529288 1.570206325 
1335102993.39048 1.998569 1.534331 1.555345325 
1335102993.49884 1.999056 1.540696 1.570796325 
1335102993.55784 1.997948 1.545168 1.572007325 
1335102993.66496 1.998325 1.549289 1.569393325 
1335102993.77279 1.998764 1.555827 1.567406325 
1335102993.88111 1.998085 1.561761 1.571286325 
1335102993.98838 1.998221 1.565848 1.559250325 
1335102994.09704 1.998426 1.571130 1.569393325 
1335102994.15676 1.998869 1.577099 1.570796325 
1335102994.26794 1.998075 1.581946 1.585333325 
1335102994.37551 1.998616 1.585815 1.573721325 
1335102994.48397 1.998931 1.592296 1.565250325 
1335102994.59223 1.998440 1.597830 1.579211325 
1335102994.70055 1.998091 1.602674 1.573851325 
1335102994.76059 1.998841 1.607536 1.569005325 
1335102994.86775 1.999026 1.613175 1.558492325 
1335102994.97573 1.997741 1.618201 1.579597325 
1335102995.08372 1.998912 1.622245 1.573721325 
1335102995.19045 1.998934 1.628652 1.566685325 
1335102995.30326 1.998853 1.634555 1.569134325 
1335102995.36327 1.998480 1.638872 1.564993325 
1335102995.4705 1.998877 1.643942 1.567296325 
1335102995.57847 1.999458 1.650161 1.583201325 
1335102995.68672 1.998392 1.654975 1.590434325 
1335102995.79485 1.999019 1.659501 1.601695325 
1335102995.90251 1.999193 1.665213 1.564000325 
1335102995.96255 1.999290 1.670912 1.564206325 
1335102996.06979 1.998479 1.675519 1.570239325 
1335102996.17772 1.999343 1.680454 1.567296325 
1335102996.28656 1.999825 1.686424 1.573866325 
1335102996.39931 1.998640 1.691128 1.577066325 
1335102996.45909 1.999340 1.695822 1.540785325 
1335102996.56617 1.999692 1.701962 1.576322325 
1335102996.67397 1.999310 1.706014 1.565327325 
1335102996.78193 1.999359 1.711725 1.556978325 
1335102996.89029 1.999780 1.717189 1.572473325 
1335102996.99878 2.000316 1.722285 1.547194325 
1335102997.0594 1.999453 1.727086 1.582076325 
1335102997.16641 2.000443 1.731784 1.569880325 
1335102997.27414 2.000482 1.738361 1.585336325 
1335102997.38477 1.999452 1.742845 1.571791325 
1335102997.4929 1.999930 1.748170 1.548908325 
1335102997.60115 2.000865 1.753032 1.566753325 
1335102997.66114 2.000065 1.759787 1.576327325 
1335102997.76847 2.000162 1.763586 1.574307325 
1335102997.87607 2.000690 1.768520 1.570125325 
1335102997.98349 2.000413 1.775290 1.574095325 
1335102998.09134 2.000127 1.779119 1.574814325 
1335102998.19988 2.001281 1.783358 1.573837325 
1335102998.25963 2.000881 1.789793 1.565480325 
1335102998.3667 2.000549 1.794153 1.564434325 
1335102998.47867 2.001018 1.798984 1.551786325 
1335102998.58625 2.000721 1.804746 1.572860325 
1335102998.69425 2.000445 1.808720 1.578461325 
1335102998.80228 2.000930 1.815107 1.571121325 
1335102998.86219 2.000869 1.820354 1.553423325 
1335102998.96938 1.999968 1.825168 1.615617325 
1335102999.07819 2.001097 1.829768 1.566258325 
1335102999.18664 2.000335 1.835666 1.559183325 
1335102999.29472 2.000519 1.841888 1.562586325 
1335102999.40256 2.000294 1.845407 1.597577325 
1335102999.46264 2.000871 1.850847 1.589054325 
1335102999.57408 2.000370 1.857393 1.540097325 
1335102999.68148 2.000188 1.861178 1.584736325 
1335102999.78893 2.001367 1.866118 1.568573325 
1335102999.89748 2.000457 1.872250 1.539121325 
1335102999.95721 2.000448 1.874871 1.656153325 
1335103000.06416 2.001355 1.882002 1.573337325 
1335103000.1721 2.001307 1.886815 1.543891325 
1335103000.28038 2.000191 1.893716 1.527351325 
1335103000.38872 2.001415 1.897296 1.553480325 
1335103000.49685 2.001840 1.902877 1.585128325 
1335103000.5569 2.001444 1.909410 1.537420325 
1335103000.66812 2.001730 1.911352 1.673151325 
1335103000.77627 2.002100 1.917963 1.580572325 
1335103000.88391 2.001643 1.924582 1.530774325 
1335103000.99114 2.002005 1.926978 1.648270325 
1335103001.10084 2.002486 1.934321 1.550942325 
1335103001.16082 2.001869 1.939717 1.529708325 
1335103001.26786 2.001212 1.945454 1.519947325 
1335103001.37565 2.002878 1.949184 1.538016325 
1335103001.48345 2.002357 1.954627 1.531763325 
1335103001.59178 2.000972 1.960816 1.525347325 
1335103001.70404 2.003296 1.965096 1.569935325 
1335103001.76439 2.002317 1.970052 1.553462325 
1335103001.87153 2.001669 1.976430 1.542946325 
1335103001.9795 2.001068 1.981275 1.569815325 
1335103002.08717 2.001316 1.985354 1.602653325 
1335103002.19551 2.001426 1.991437 1.546694325 
1335103002.30328 2.001192 1.996740 1.567811325 
1335103002.36332 2.001404 2.000651 1.608214325 
1335103002.47043 2.001722 2.006252 1.558907325 
1335103002.57864 2.001809 2.012345 1.577450325 
1335103002.69138 2.001921 2.015921 1.610561325 
1335103002.79992 2.002007 2.021619 1.564144325 
1335103002.85982 2.001915 2.027709 1.582486325 
1335103002.96718 2.002251 2.032188 1.580732325 
1335103003.0764 2.002243 2.037483 1.585436325 
1335103003.18423 2.001829 2.043604 1.557464325 
1335103003.29255 2.002000 2.048373 1.556328325 
1335103003.40091 2.002863 2.052792 1.585436325 
1335103003.46102 2.002014 2.058948 1.558489325 
1335103003.56793 2.001698 2.064103 1.570827325 
1335103003.67571 2.001935 2.067941 1.605863325 
1335103003.78886 2.001570 2.075268 1.594273325 
1335103003.89705 2.001470 2.079602 1.576146325 
1335103003.95696 2.001893 2.083417 1.610578325 
1335103004.06394 2.001546 2.089945 1.574750325 
1335103004.1718 2.001809 2.095112 1.527424325 
1335103004.2801 2.002318 2.098985 1.589388325 
1335103004.3885 2.001685 2.105453 1.553649325 
1335103004.49675 2.002662 2.111044 1.542644325 
1335103004.55667 2.002095 2.114306 1.565626325 
1335103004.66368 2.000683 2.120981 1.551770325 
1335103004.77596 2.002106 2.125909 1.538216325 
1335103004.88358 2.001143 2.130996 1.562584325 
1335103004.99195 2.000036 2.136517 1.548813325 
1335103005.10126 2.000504 2.141413 1.584787325 
1335103005.16141 2.000272 2.146532 1.604777325 
1335103005.26832 2.000257 2.152364 1.558961325 
1335103005.3762 1.999689 2.155626 1.655732325 
1335103005.48363 2.000546 2.161519 1.603115325 
1335103005.59286 2.000305 2.166736 1.587024325 
1335103005.70107 2.000755 2.173089 1.537329325 
1335103005.76093 2.000905 2.176771 1.589119325 
1335103005.87209 2.000347 2.182774 1.599389325 
1335103005.97971 2.001549 2.188713 1.533496325 
1335103006.08813 2.001051 2.191796 1.589786325 
1335103006.19659 2.000705 2.198450 1.597075325 
1335103006.25653 2.001370 2.204567 1.543032325 
1335103006.3635 2.000541 2.207822 1.600365325 
1335103006.47106 2.000473 2.215006 1.575447325 
1335103006.5792 2.000267 2.219918 1.546528325 
1335103006.68662 2.000659 2.223694 1.602463325 
1335103006.79477 2.000633 2.230462 1.561030325 
1335103006.90672 2.000715 2.235317 1.581919325 
1335103006.96692 2.001242 2.239173 1.587264325 
1335103007.0756 2.001273 2.246098 1.550007325 
1335103007.18334 2.001445 2.250449 1.558492325 
1335103007.29219 2.001312 2.255254 1.569804325 
1335103007.40092 2.001502 2.261477 1.557992325 
1335103007.46056 2.001486 2.265943 1.575556325 
1335103007.56755 2.000999 2.271278 1.568537325 
1335103007.67548 2.000762 2.276410 1.553400325 
1335103007.78346 2.001093 2.281801 1.567515325 
1335103007.89584 2.000069 2.287043 1.557737325 
1335103008.00346 2.000068 2.293467 1.537399325 
1335103008.06362 2.000087 2.297887 1.579967325 
1335103008.17081 2.000160 2.303524 1.546694325 
1335103008.27852 2.000224 2.309433 1.506393325 
1335103008.38692 2.000494 2.313142 1.595441325 
1335103008.49504 2.000111 2.319816 1.549515325 
1335103008.60306 2.000770 2.323567 1.553807325 
1335103008.66292 1.999965 2.329068 1.587524325 
1335103008.77043 1.999619 2.334836 1.608145325 
1335103008.87819 1.998926 2.340625 1.536547325 
1335103008.99162 1.999505 2.344610 1.589786325 
1335103009.10128 1.999071 2.349949 1.568885325 
1335103009.16114 1.999568 2.355380 1.591972325 
1335103009.26816 1.999527 2.360194 1.589292325 
1335103009.37591 1.999962 2.365677 1.544494325 
1335103009.4838 2.000359 2.368854 1.603347325 
1335103009.59195 2.000464 2.375919 1.579507325 
1335103009.70027 2.000127 2.380861 1.554523325 
1335103009.76027 2.000442 2.386089 1.607940325 
1335103009.8674 1.999274 2.391569 1.566591325 
1335103009.97946 1.999133 2.396272 1.583727325 
1335103010.08783 1.998069 2.401321 1.567769325 
1335103010.19539 1.998602 2.408496 1.531596325 
1335103010.30335 1.998890 2.412912 1.562827325 
1335103010.36347 1.998206 2.418116 1.546291325 
1335103010.47065 1.999590 2.423953 1.515066325 
1335103010.57857 1.999040 2.428615 1.564569325 
1335103010.68701 1.999232 2.433906 1.541917325 
1335103010.79518 1.999031 2.439867 1.518621325 
1335103010.90312 1.998487 2.443505 1.556716325 
1335103010.96314 1.998302 2.450115 1.550352325 
1335103011.07591 1.998065 2.455309 1.557761325 
1335103011.18378 1.998104 2.459991 1.574004325 
1335103011.29215 1.998324 2.464916 1.532657325 
1335103011.40056 1.997845 2.467826 1.581096325 
1335103011.46041 1.998779 2.473152 1.525287325 
1335103011.56735 1.998347 2.475421 1.551532325 
1335103011.67707 1.998788 2.477210 1.585293325 
1335103011.78828 1.999020 2.481426 1.549793325 
1335103011.89576 1.997807 2.482255 1.784858325 
1335103012.00354 1.993175 2.485794 1.976136325 
1335103012.06364 1.991463 2.484519 2.249274325 
1335103012.17549 1.986376 2.488243 2.458581325 
1335103012.28318 1.980031 2.490951 2.513471325 
1335103012.3914 1.975317 2.492053 2.691383325 
1335103012.49993 1.972025 2.494184 2.825829325 
1335103012.55982 1.968703 2.494505 2.953121325 
1335103012.66711 1.961926 2.495698 2.946797325 
1335103012.77545 1.959017 2.495534 3.026617325 
1335103012.8831 1.952311 2.497158 3.020233325 
1335103012.99097 1.947754 2.497080 3.108861325 
1335103013.10048 1.943767 2.498678 3.037780325 
1335103013.16028 1.936729 2.497708 3.041813325 
1335103013.2714 1.932425 2.499452 3.128315325 
1335103013.37935 1.925980 2.502057 3.083923325 
1335103013.48791 1.921601 2.500068 3.089628325 
1335103013.59602 1.916216 2.501889 -3.131994975 
1335103013.70374 1.910748 2.503592 3.109668325 
1335103013.76393 1.905384 2.502509 3.069701325 
1335103013.87131 1.900771 2.502354 3.137901325 
1335103013.97938 1.893999 2.503800 -3.138467975 
1335103014.08773 1.890204 2.502532 3.102991325 
1335103014.19595 1.885026 2.505830 -3.140988975 
1335103014.30775 1.878309 2.504732 3.126446325 
1335103014.36795 1.874980 2.504255 3.123251325 
1335103014.47531 1.868938 2.507580 -3.125913975 
1335103014.58328 1.862926 2.507998 3.105339325 
1335103014.69177 1.858865 2.507258 3.135205325 
1335103014.80032 1.853433 2.507623 -3.134660975 
1335103014.86039 1.846707 2.508673 3.137637325 
1335103014.9675 1.843814 2.508464 3.097375325 
1335103015.07681 1.838044 2.508735 -3.133218975 
1335103015.18511 1.831084 2.509449 -3.130072975 
1335103015.29762 1.827095 2.508903 3.116796325 
1335103015.35763 1.821868 2.511606 -3.126400975 
1335103015.46452 1.815413 2.509572 -3.129802975 
1335103015.57195 1.811268 2.509106 3.119426325 
1335103015.68039 1.806105 2.512034 -3.121971975 
1335103015.78879 1.798773 2.513077 -3.131994975 
1335103015.89645 1.795461 2.511941 -3.139629975 
1335103016.0041 1.790782 2.512430 -3.125913975 
1335103016.0643 1.783807 2.513461 -3.138257975 
1335103016.17163 1.779797 2.513182 3.102904325 
1335103016.27964 1.775092 2.512191 -3.129349975 
1335103016.39315 1.768459 2.514115 -3.139525975 
1335103016.50146 1.764049 2.513890 3.125453325 
1335103016.56135 1.759039 2.513371 -3.141447975 
1335103016.66846 1.753056 2.514662 -3.122074975 
1335103016.77655 1.746759 2.514033 -3.111295975 
1335103016.88447 1.743541 2.516130 3.140635325 
1335103016.99267 1.736702 2.515815 -3.118696975 
1335103017.1021 1.731139 2.514369 -3.105885975 
1335103017.16194 1.726906 2.516816 3.132550325 
1335103017.26904 1.721046 2.518207 -3.125913975 
1335103017.38093 1.715408 2.517792 -3.132398975 
1335103017.48929 1.712236 2.517471 -3.103345975 
1335103017.59809 1.705715 2.517987 -3.131994975 
1335103017.658 1.699710 2.518781 -3.135649975 
1335103017.76516 1.696780 2.516633 -3.126543975 
1335103017.87264 1.690373 2.519309 -3.115444975 
1335103017.97963 1.684557 2.519066 3.139506325 
1335103018.08795 1.680580 2.518902 3.111023325 
1335103018.19629 1.674914 2.518074 3.141592325 
1335103018.30426 1.668636 2.519758 -3.118737975 
1335103018.36429 1.663132 2.519002 3.128139325 
1335103018.47565 1.659266 2.520580 -3.130772975 
1335103018.58325 1.653036 2.519590 -3.112420975 
1335103018.69174 1.647391 2.519966 3.139171325 
1335103018.80055 1.643375 2.522088 -3.132132975 
1335103018.86042 1.636769 2.521407 -3.111166975 
1335103018.96752 1.631267 2.520111 -3.129052975 
1335103019.07691 1.628250 2.522617 -3.119766975 
1335103019.1847 1.620914 2.523742 -3.125913975 
1335103019.29304 1.615561 2.522878 -3.112303975 
1335103019.40148 1.612075 2.521927 -3.136684975 
1335103019.45816 1.605775 2.523930 -3.116935975 
1335103019.56922 1.599657 2.523442 -3.120952975 
1335103019.67688 1.596137 2.523861 -3.127605975 
1335103019.78508 1.590222 2.524507 -3.127044975 
1335103019.89331 1.583859 2.523582 3.132498325 
1335103020.00176 1.580454 2.523015 3.141364325 
1335103020.06236 1.574754 2.524329 -3.117733975 
1335103020.16971 1.568097 2.523590 -3.135054975 
1335103020.27749 1.563447 2.524115 -3.118365975 
1335103020.3856 1.559783 2.523873 -3.121057975 
1335103020.49293 1.553155 2.524522 -3.128692975 
1335103020.60528 1.547841 2.524659 -3.117781975 
1335103020.66544 1.543890 2.524074 3.141406325 
1335103020.77293 1.537701 2.524825 -3.109869975 
1335103020.88056 1.531548 2.524778 -3.110499975 
1335103020.98896 1.528079 2.526251 -3.126178975 
1335103021.09835 1.522224 2.525558 -3.125512975 
1335103021.15838 1.515738 2.524924 -3.103307975 
1335103021.26566 1.512935 2.525740 -3.140723975 
1335103021.37336 1.506015 2.526291 -3.124408975 
1335103021.48076 1.500377 2.526006 -3.103551975 
1335103021.59337 1.495860 2.527623 -3.136261975 
1335103021.70173 1.490422 2.526177 -3.122299975 
1335103021.76164 1.484614 2.526415 -3.087380975 
1335103021.86884 1.479545 2.527877 -3.140191975 
1335103021.97609 1.475103 2.526590 -3.121246975 
1335103022.07861 1.468317 2.527518 -3.111038975 
1335103022.18053 1.463328 2.526855 -3.127227975 
1335103022.28836 1.459362 2.526503 -3.137607975 
1335103022.39645 1.452854 2.527138 -3.104131975 
1335103022.50423 1.447069 2.526773 -3.117365975 
1335103022.56448 1.444099 2.528310 -3.124534975 
1335103022.67577 1.437529 2.527359 -3.102654975 
1335103022.78341 1.431504 2.527392 -3.105290975 
1335103022.89172 1.427757 2.527001 -3.137040975 
1335103023.00011 1.422346 2.527727 -3.098880975 
1335103023.06099 1.415562 2.527078 -3.084022975 
1335103023.168 1.411544 2.527523 -3.138344975 
1335103023.27591 1.406422 2.526932 -3.118886975 
1335103023.38359 1.400289 2.527103 -3.084022975 
1335103023.49208 1.396321 2.526597 -3.136499975 
1335103023.60069 1.391123 2.527051 -3.119765975 
1335103023.66047 1.384593 2.528612 -3.096585975 
1335103023.7702 1.381060 2.527697 3.125873325 
1335103023.87773 1.375514 2.527373 -3.131699975 
1335103023.9849 1.369314 2.528694 -3.096585975 
1335103024.09318 1.363323 2.528105 -3.106615975 
1335103024.20157 1.359674 2.527497 -3.130798975 
1335103024.26146 1.353357 2.529457 -3.105716975 
1335103024.36893 1.347432 2.528852 -3.105485975 
1335103024.47648 1.343656 2.527067 -3.132276975 
1335103024.58421 1.338243 2.527826 -3.101903975 
1335103024.69232 1.331781 2.528752 -3.091680975 
1335103024.80493 1.327254 2.527981 -3.129528975 
1335103024.86496 1.322375 2.527508 -3.118886975 
1335103024.97228 1.316131 2.528046 -3.086878975 
1335103025.08095 1.311410 2.527663 3.136183325 
1335103025.1894 1.307089 2.528566 -3.117364975 
1335103025.2976 1.300495 2.528714 -3.097744975 
1335103025.35772 1.296019 2.527724 -3.127479975 
1335103025.46459 1.291026 2.527739 -3.129807975 
1335103025.5724 1.285046 2.528383 -3.091799975 
1335103025.68045 1.279133 2.527881 -3.099494975 
1335103025.79363 1.275717 2.527937 -3.137437975 
1335103025.90174 1.269182 2.528388 -3.105945975 
1335103025.96171 1.262851 2.526457 -3.114178975 
1335103026.06878 1.260264 2.526900 -3.132425975 
1335103026.17656 1.253863 2.527953 -3.106547975 
1335103026.28426 1.247547 2.527824 -3.087211975 
1335103026.39247 1.244156 2.527311 -3.105322975 
1335103026.5008 1.238662 2.527710 -3.117372975 
1335103026.56051 1.232246 2.527944 -3.092556975 
1335103026.66766 1.228694 2.527523 -3.101380975 
1335103026.77585 1.223025 2.527029 -3.127971975 
1335103026.88862 1.217146 2.527586 -3.094349975 
1335103026.99671 1.212304 2.526508 -3.082259975 
1335103027.05783 1.207293 2.527087 -3.140998975 
1335103027.165 1.201113 2.527890 -3.107819975 
1335103027.27274 1.195405 2.527190 -3.092505975 
1335103027.38089 1.191944 2.526771 3.141047325 
1335103027.48943 1.184819 2.527696 -3.129759975 
1335103027.59698 1.180096 2.527321 -3.083858975 
1335103027.70449 1.175913 2.526999 -3.119223975 
1335103027.76483 1.168793 2.527431 -3.114338975 
1335103027.8762 1.164493 2.526679 -3.099490975 
1335103027.98385 1.160131 2.526822 -3.114150975 
1335103028.09215 1.153672 2.527064 -3.102979975 
1335103028.20073 1.148401 2.526498 -3.085857975 
1335103028.26057 1.144434 2.527191 -3.104427975 
1335103028.36773 1.138578 2.526109 -3.091222975 
1335103028.47562 1.132300 2.526434 -3.060266975 
1335103028.58317 1.128631 2.524845 -3.090658975 
1335103028.6914 1.123214 2.525026 -3.095233975 
1335103028.80016 1.115737 2.525188 -3.105069975 
1335103028.85992 1.111736 2.524797 -3.117827975 
1335103028.97108 1.107188 2.525199 -3.115271975 
1335103029.08029 1.100319 2.524901 -3.091799975 
1335103029.18871 1.094853 2.524630 -3.090302975 
1335103029.29687 1.090693 2.523717 -3.138490975 
1335103029.40461 1.085072 2.524636 -3.093062975 
1335103029.46473 1.078924 2.523905 -3.073866975 
1335103029.57211 1.075566 2.523639 3.138662325 
1335103029.6807 1.069805 2.525006 -3.103381975 
1335103029.78945 1.063404 2.523555 -3.085248975 
1335103029.89699 1.060398 2.523228 -3.138886975 
1335103030.00851 1.053395 2.523974 -3.125226975 
1335103030.06889 1.048164 2.523479 -3.096065975 
1335103030.17619 1.044364 2.522703 -3.121531975 
1335103030.28376 1.037292 2.523726 -3.105693975 
1335103030.39207 1.032440 2.523173 -3.089924975 
1335103030.50063 1.028382 2.523097 -3.108223975 
1335103030.56041 1.021947 2.521906 -3.084847975 
1335103030.66752 1.015732 2.522553 -3.065980975 
1335103030.77569 1.012323 2.522637 -3.113020975 
1335103030.88333 1.007010 2.520770 -3.081324975 
1335103030.99513 0.999756 2.520824 -3.082957975 
1335103031.10421 0.996218 2.520443 -3.105230975 
1335103031.16424 0.990571 2.521462 -3.105777975 
1335103031.27142 0.984186 2.520907 -3.100272975 
1335103031.37923 0.980646 2.520313 -3.128409975 
1335103031.48688 0.974520 2.520873 -3.138943975 
1335103031.59387 0.968627 2.520727 -3.103614975 
1335103031.70223 0.964783 2.520072 -3.132094975 
1335103031.76222 0.959311 2.519912 -3.122641975 
1335103031.86937 0.952844 2.521090 -3.103028975 
1335103031.97723 0.949271 2.519462 -3.102492975 
1335103032.08998 0.942878 2.519348 -3.115001975 
1335103032.19756 0.936500 2.520075 -3.065369975 
1335103032.30527 0.932996 2.518866 -3.137729975 
1335103032.36527 0.926871 2.520098 -3.103414975 
1335103032.47264 0.921063 2.518254 -3.076693975 
1335103032.58071 0.916259 2.517828 -3.128327975 
1335103032.68927 0.912060 2.518412 -3.079757975 
1335103032.79784 0.905308 2.517288 -3.078850975 
1335103032.85794 0.901610 2.516618 -3.122236975 
1335103032.9648 0.895667 2.517150 -3.136242975 
1335103033.07809 0.889403 2.517127 -3.097592975 
1335103033.18491 0.886227 2.515592 -3.109936975 
1335103033.29348 0.879661 2.515618 -3.133675975 
1335103033.40188 0.873749 2.517069 -3.100793975 
1335103033.46185 0.870201 2.515361 -3.086909975 
1335103033.5689 0.863660 2.515802 -3.112066975 
1335103033.67661 0.857122 2.515578 -3.080773975 
1335103033.78442 0.854222 2.514989 -3.105267975 
1335103033.89279 0.848489 2.514369 -3.078030975 
1335103034.00137 0.841484 2.512723 -3.072896975 
1335103034.0611 0.837970 2.512661 -3.105050975 
1335103034.17234 0.832499 2.513201 -3.115627975 
1335103034.28042 0.825988 2.512864 -3.086847975 
1335103034.38881 0.822845 2.511570 -3.125664975 
1335103034.49706 0.816434 2.512277 -3.116972975 
1335103034.605 0.810359 2.512742 -3.091386975 
1335103034.66496 0.806835 2.511225 -3.128028975 
1335103034.77231 0.799665 2.511628 -3.114338975 
1335103034.88005 0.794267 2.511895 -3.122165975 
1335103034.98847 0.790697 2.511092 -3.108223975 
1335103035.09766 0.784786 2.509771 -3.082227975 
1335103035.20939 0.777974 2.509943 -3.101271975 
1335103035.26948 0.775292 2.508576 -3.094603975 
1335103035.37687 0.769005 2.508370 -3.086774975 
1335103035.48456 0.762281 2.508236 -3.089798975 
1335103035.59301 0.759163 2.507544 -3.137033975 
1335103035.70074 0.752465 2.507691 -3.108662975 
1335103035.76078 0.747607 2.507738 -3.134474975 
1335103035.86792 0.742713 2.506479 -3.125830975 
1335103035.97588 0.736213 2.506618 -3.096525975 
1335103036.08333 0.734305 2.506682 -3.117568975 
1335103036.19521 0.727227 2.506346 -3.093428975 
1335103036.30348 0.720544 2.504884 -3.079910975 
1335103036.36361 0.717657 2.505304 -3.104481975 
1335103036.47072 0.712103 2.503995 -3.087876975 
1335103036.57872 0.704788 2.503925 -3.092078975 
1335103036.68614 0.701792 2.503076 -3.139217975 
1335103036.79404 0.695245 2.503695 -3.103693975 
1335103036.90261 0.689578 2.503885 3.138880325 
1335103036.96264 0.685800 2.501805 -3.132905975 
1335103037.07111 0.677745 2.503072 -3.116037975 
1335103037.17916 0.674217 2.503185 3.110181325 
1335103037.29225 0.669254 2.503018 -3.108985975 
1335103037.40054 0.662549 2.500790 -3.109400975 
1335103037.46039 0.659592 2.501381 3.118522325 
1335103037.56754 0.654046 2.500356 -3.089001975 
1335103037.66218 0.647954 2.499576 3.133973325 
1335103037.75813 0.643215 2.501215 3.102044325 
1335103037.85819 0.637777 2.500235 -3.105162975 
1335103037.96579 0.632171 2.500055 3.129017325 
1335103038.07396 0.627773 2.498106 -3.125830975 
1335103038.1821 0.620051 2.498732 -3.111851975 
1335103038.29589 0.616292 2.499392 3.118240325 
1335103038.40401 0.611346 2.498796 -3.111280975 
1335103038.46454 0.605515 2.497043 3.137797325 
1335103038.57208 0.601414 2.498021 3.091741325 
1335103038.68028 0.595867 2.496456 -3.089001975 
1335103038.78931 0.590676 2.495572 3.133649325 
1335103038.89796 0.584825 2.497378 3.099472325 
1335103038.95828 0.579962 2.495997 -3.123319975 
1335103039.06697 0.575196 2.495586 3.084362325 
1335103039.17497 0.569099 2.495368 3.140407325 
1335103039.28808 0.563986 2.495091 3.095729325 
1335103039.39637 0.558335 2.496184 3.092298325 
1335103039.50441 0.552766 2.495209 -3.136366975 
1335103039.56492 0.548832 2.495028 3.044826325 
1335103039.67257 0.542407 2.495569 3.111981325 
1335103039.78066 0.538042 2.494620 3.090565325 
1335103039.8885 0.533491 2.495136 3.108511325 
1335103039.99346 0.530834 2.493809 3.110179325 
1335103040.10229 0.524783 2.494506 3.090618325 
1335103040.16248 0.523262 2.494037 3.040426325 
1335103040.26729 0.519039 2.495229 3.015537325 
1335103040.3838 0.516103 2.493618 3.054604325 
1335103040.49235 0.515657 2.492954 -2.975297975 
1335103040.60108 0.517485 2.490930 -2.788690975 
1335103040.66112 0.517295 2.490211 -2.501943975 
1335103040.76857 0.513360 2.485103 -2.300666975 
1335103040.87627 0.510083 2.479401 -2.146805975 
1335103040.98303 0.509275 2.475144 -2.025417975 
1335103041.09267 0.508227 2.469826 -1.930379975 
1335103041.2014 0.506156 2.465554 -1.850079975 
1335103041.26177 0.505523 2.460223 -1.793818975 
1335103041.37334 0.505093 2.454597 -1.778581975 
1335103041.48158 0.503335 2.450785 -1.706241975 
1335103041.59038 0.502231 2.444184 -1.663973975 
1335103041.69889 0.500353 2.439807 -1.678626975 
1335103041.75953 0.500681 2.435610 -1.601904975 
1335103041.8669 0.500368 2.430362 -1.618707975 
1335103041.97505 0.500105 2.424483 -1.640514975 
1335103042.08366 0.499289 2.419041 -1.625776975 
1335103042.19237 0.498377 2.414802 -1.610896975 
1335103042.30143 0.497464 2.408413 -1.615583975 
1335103042.36179 0.496211 2.403673 -1.586420975 
1335103042.47282 0.496306 2.398223 -1.590653975 
1335103042.58063 0.495573 2.393463 -1.580681975 
1335103042.68928 0.494873 2.389215 -1.589612975 
1335103042.79698 0.495207 2.383921 -1.594042975 
1335103042.90509 0.495175 2.378522 -1.574818975 
1335103042.96571 0.494384 2.373177 -1.588380975 
1335103043.0747 0.493544 2.367901 -1.592937975 
1335103043.18255 0.493050 2.363096 -1.589433975 
1335103043.29113 0.492849 2.356833 -1.604175975 
1335103043.39961 0.490434 2.353014 -1.574735975 
1335103043.4595 0.492096 2.347322 -1.602751975 
1335103043.57031 0.491156 2.342761 -1.545263675 
1335103043.67764 0.491183 2.337330 -1.532897675 
1335103043.78552 0.491158 2.332432 -1.548745675 
1335103043.89392 0.491415 2.327007 -1.571829975 
1335103044.00238 0.489875 2.322667 -1.572645975 
1335103044.06181 0.489223 2.317714 -1.578710975 
1335103044.16885 0.489722 2.311070 -1.602900975 
1335103044.2766 0.488642 2.306870 -1.581744975 
1335103044.3832 0.488361 2.300919 -1.572536975 
1335103044.49156 0.487905 2.296046 -1.569890675 
1335103044.60407 0.488238 2.290286 -1.589428975 
1335103044.66396 0.487048 2.286314 -1.576526975 
1335103044.77119 0.487318 2.280020 -1.554930675 
1335103044.87556 0.487939 2.275090 -1.566028675 
1335103044.98435 0.487530 2.270100 -1.580719975 
1335103045.09369 0.486625 2.264903 -1.550702675 
1335103045.20231 0.486898 2.260684 -1.535538675 
1335103045.26207 0.486115 2.254190 -1.568297675 
1335103045.3695 0.485002 2.249545 -1.558008675 
1335103045.47723 0.485468 2.244752 -1.558531675 
1335103045.58401 0.485613 2.238410 -1.578370975 
1335103045.69248 0.485746 2.233849 -1.575003975 
1335103045.79981 0.485069 2.228418 -1.551995675 
1335103045.86477 0.484604 2.223237 -1.562252675 
1335103045.97188 0.484711 2.217961 -1.589084975 
1335103046.07958 0.483123 2.212955 -1.556550675 
1335103046.18809 0.484031 2.207505 -1.559090675 
1335103046.29598 0.483775 2.202592 -1.577780975 
1335103046.40412 0.483391 2.197562 -1.582700975 
1335103046.464 0.483458 2.191953 -1.553083675 
1335103046.57129 0.483269 2.187384 -1.554106675 
1335103046.68338 0.482738 2.181818 -1.570308675 
1335103046.79192 0.482007 2.176189 -1.546267675 
1335103046.89996 0.482990 2.171626 -1.563138675 
1335103046.95918 0.482447 2.165570 -1.561857675 
1335103047.06733 0.482469 2.161123 -1.558008675 
1335103047.17507 0.482101 2.154603 -1.553132675 
1335103047.28334 0.483109 2.149625 -1.581967975 
1335103047.39162 0.482763 2.145755 -1.566710675 
1335103047.50008 0.481772 2.140578 -1.578616975 
1335103047.56007 0.480978 2.135081 -1.554221675 
1335103047.67153 0.481939 2.130326 -1.556890675 
1335103047.7796 0.479826 2.125020 -1.551178675 
1335103047.88795 0.480360 2.119243 -1.572866975 
1335103047.99607 0.480638 2.114310 -1.531760675 
1335103048.10411 0.480303 2.109834 -1.576099975 
1335103048.16406 0.480481 2.103554 -1.566349675 
1335103048.27099 0.480270 2.098436 -1.529816675 
1335103048.37863 0.480238 2.093983 -1.574215975 
1335103048.48679 0.480004 2.088624 -1.549375675 
1335103048.59512 0.479694 2.083702 -1.565915675 
1335103048.70629 0.480222 2.077800 -1.559884675 
1335103048.76655 0.479444 2.073588 -1.560255675 
1335103048.87393 0.479577 2.067041 -1.567497675 
1335103048.98202 0.480156 2.062503 -1.553610675 
1335103049.09129 0.480090 2.058385 -1.558008675 
1335103049.19957 0.479446 2.052114 -1.557471675 
1335103049.2595 0.480299 2.046037 -1.585987975 
1335103049.36619 0.479048 2.043001 -1.545852675 
1335103049.47363 0.478925 2.036341 -1.548491675 
1335103049.58153 0.477611 2.031739 -1.576457975 
1335103049.69104 0.478807 2.026830 -1.546282675 
1335103049.80382 0.478309 2.021860 -1.557840675 
1335103049.86378 0.477438 2.016079 -1.572129975 
1335103049.97072 0.478708 2.010760 -1.543358675 
1335103050.07845 0.477855 2.006654 -1.572662975 
1335103050.18646 0.477589 2.000180 -1.576112975 
1335103050.29479 0.478119 1.995339 -1.540023675 
1335103050.40315 0.477738 1.991127 -1.530483675 
1335103050.46296 0.478017 1.984645 -1.576808975 
1335103050.56996 0.478291 1.979497 -1.533720675 
1335103050.67791 0.478010 1.975016 -1.551597675 
1335103050.79012 0.478291 1.968847 -1.566663675 
1335103050.89847 0.478118 1.963939 -1.548090675 
1335103051.00651 0.477777 1.960037 -1.529173675 
1335103051.06755 0.478322 1.953336 -1.565283675 
1335103051.17494 0.478403 1.948594 -1.551157675 
1335103051.2832 0.478156 1.943685 -1.542876675 
1335103051.39063 0.478147 1.937863 -1.563902675 
1335103051.4989 0.478253 1.933015 -1.552846675 
1335103051.55893 0.478650 1.927705 -1.548756675 
1335103051.66593 0.478688 1.921922 -1.546600675 
1335103051.77367 0.478165 1.917284 -1.530464675 
1335103051.88609 0.479480 1.911846 -1.528447675 
1335103051.99413 0.479293 1.906293 -1.538763675 
1335103052.10249 0.478752 1.901589 -1.545131675 
1335103052.16259 0.479941 1.896154 -1.522660675 
1335103052.26956 0.479710 1.891034 -1.542339675 
1335103052.37707 0.479394 1.885444 -1.572025975 
1335103052.48483 0.478845 1.881058 -1.569854675 
1335103052.59203 0.479712 1.875114 -1.565304675 
1335103052.7006 0.479262 1.869848 -1.562150675 
1335103052.76082 0.478157 1.865492 -1.552227675 
1335103052.87198 0.477893 1.859641 -1.572508975 
1335103052.98009 0.477915 1.854572 -1.532953675 
1335103053.08916 0.479031 1.850064 -1.545512675 
1335103053.19736 0.478129 1.844153 -1.543308675 
1335103053.30537 0.477428 1.839417 -1.544267675 
1335103053.3653 0.478600 1.834046 -1.522392675 
1335103053.47253 0.478061 1.828771 -1.551135675 
1335103053.58042 0.477471 1.823143 -1.537642675 
1335103053.68895 0.478436 1.818718 -1.524924675 
1335103053.79689 0.478597 1.813286 -1.542190675 
1335103053.90908 0.477369 1.807817 -1.548558675 
1335103053.96937 0.478435 1.802393 -1.582699975 
1335103054.07665 0.478813 1.797768 -1.561446675 
1335103054.18413 0.477535 1.792553 -1.546300675 
1335103054.29247 0.478120 1.786672 -1.577622975 
1335103054.40066 0.478758 1.782247 -1.538537675 
1335103054.46052 0.477620 1.777073 -1.535509675 
1335103054.56761 0.478007 1.771049 -1.568080675 
1335103054.67551 0.479359 1.766699 -1.525753675 
1335103054.78412 0.478639 1.761444 -1.521330675 
1335103054.89251 0.478151 1.755584 -1.556411675 
1335103055.00546 0.479694 1.750597 -1.521844675 
1335103055.0662 0.479056 1.746149 -1.515756675 
1335103055.17348 0.478510 1.740281 -1.550259675 
1335103055.28144 0.479360 1.735466 -1.533968675 
1335103055.38973 0.479319 1.729819 -1.538852675 
1335103055.49773 0.478758 1.724617 -1.551038675 
1335103055.60565 0.479600 1.720031 -1.524045675 
1335103055.66567 0.479438 1.713569 -1.551935675 
1335103055.77315 0.478648 1.708779 -1.542689675 
1335103055.88088 0.480260 1.704051 -1.551002675 
1335103055.99349 0.479691 1.698477 -1.551935675 
1335103056.10191 0.478893 1.693690 -1.542689675 
1335103056.16184 0.479334 1.687753 -1.562263675 
1335103056.269 0.480278 1.682696 -1.526748675 
1335103056.37647 0.479313 1.677893 -1.515858675 
1335103056.48383 0.479650 1.672360 -1.550259675 
1335103056.59216 0.480472 1.667273 -1.523230675 
1335103056.70042 0.479915 1.663037 -1.509173675 
1335103056.76052 0.480047 1.656939 -1.523434675 
1335103056.86747 0.480967 1.651892 -1.539193675 
1335103056.97553 0.480798 1.646571 -1.560916675 
1335103057.08933 0.480394 1.641999 -1.527187675 
1335103057.19738 0.481214 1.635773 -1.563371675 
1335103057.30529 0.481271 1.630308 -1.560663675 
1335103057.36527 0.480629 1.626068 -1.535356675 
1335103057.47262 0.480720 1.619916 -1.582224975 
1335103057.5803 0.481067 1.614465 -1.545339675 
1335103057.68885 0.480806 1.610654 -1.521330675 
1335103057.79582 0.481210 1.604282 -1.545408675 
1335103057.90354 0.481685 1.599184 -1.531941675 
1335103057.96324 0.481800 1.595227 -1.526003675 
1335103058.0744 0.481034 1.588742 -1.526836675 
1335103058.18243 0.481553 1.583306 -1.547466675 
1335103058.29097 0.482272 1.579140 -1.501833675 
1335103058.39921 0.481706 1.573682 -1.528215675 
1335103058.50648 0.481086 1.567889 -1.565649675 
1335103058.56644 0.482113 1.562227 -1.543461675 
1335103058.67388 0.482252 1.558290 -1.528411675 
1335103058.78192 0.481884 1.552150 -1.564028675 
1335103058.89036 0.482259 1.546726 -1.573921975 
1335103058.99832 0.482199 1.542377 -1.530381675 
1335103059.05927 0.482134 1.536289 -1.552570675 
1335103059.17024 0.481805 1.531240 -1.564891675 
1335103059.2782 0.482438 1.526769 -1.523127675 
1335103059.38565 0.482152 1.520887 -1.538529675 
1335103059.49402 0.483287 1.515356 -1.551683675 
1335103059.60249 0.483428 1.510627 -1.509564675 
1335103059.66226 0.483909 1.504928 -1.520150675 
1335103059.76939 0.483789 1.499256 -1.568774675 
1335103059.87711 0.484257 1.493980 -1.546347675 
1335103059.98468 0.484183 1.489647 -1.510115675 
1335103060.09298 0.485194 1.483173 -1.541914675 
1335103060.2054 0.485227 1.478169 -1.552062675 
1335103060.26523 0.486254 1.473001 -1.523514675 
1335103060.37254 0.485220 1.467770 -1.528558675 
1335103060.4804 0.485178 1.461026 -1.554776675 
1335103060.58854 0.486324 1.457328 -1.530292675 
1335103060.69689 0.485996 1.452164 -1.540708675 
1335103060.805 0.485452 1.445457 -1.535627675 
1335103060.86481 0.486266 1.441930 -1.526395675 
1335103060.97199 0.486440 1.435853 -1.495769675 
1335103061.08132 0.487362 1.429695 -1.543234675 
1335103061.19384 0.485784 1.425331 -1.546397675 
1335103061.30217 0.486905 1.419616 -1.524116675 
1335103061.36232 0.485997 1.414639 -1.542359675 
1335103061.46924 0.486636 1.408617 -1.575920975 
1335103061.57691 0.486782 1.404556 -1.523472675 
1335103061.68425 0.486015 1.399402 -1.535645675 
1335103061.7926 0.487168 1.392423 -1.556131675 
1335103061.90064 0.487681 1.387673 -1.534112675 
1335103061.96064 0.486538 1.383271 -1.496407675 
1335103062.06764 0.487498 1.376696 -1.547933675 
1335103062.17519 0.487045 1.372218 -1.553975675 
1335103062.28839 0.486777 1.367437 -1.515503675 
1335103062.39653 0.487824 1.361590 -1.541439675 
1335103062.50461 0.487630 1.356174 -1.557596675 
1335103062.56453 0.487361 1.350774 -1.534315675 
1335103062.67158 0.488848 1.346241 -1.519525675 
1335103062.77983 0.488249 1.340236 -1.548423675 
1335103062.88808 0.488556 1.335581 -1.534673675 
1335103062.99648 0.488392 1.330962 -1.528703675 
1335103063.10564 0.488628 1.324320 -1.533388675 
1335103063.16559 0.490335 1.320160 -1.550393675 
1335103063.2771 0.491138 1.316496 -1.536692675 
1335103063.38531 0.490689 1.309407 -1.536919675 
1335103063.49267 0.490243 1.303432 -1.575040975 
1335103063.59761 0.490653 1.299031 -1.523025675 
1335103063.70548 0.490799 1.293856 -1.538977675 
1335103063.76556 0.490001 1.287794 -1.550704675 
1335103063.87265 0.490824 1.283995 -1.514297675 
1335103063.98062 0.491134 1.277879 -1.509870675 
1335103064.08886 0.491195 1.271171 -1.532604675 
1335103064.1963 0.491433 1.267469 -1.536909675 
1335103064.30869 0.491150 1.262403 -1.498648675 
1335103064.36891 0.491114 1.256021 -1.541023675 
1335103064.47608 0.491839 1.250802 -1.552554675 
1335103064.58428 0.490889 1.246505 -1.504477675 
1335103064.6926 0.491292 1.240496 -1.548509675 
1335103064.80124 0.491782 1.235777 -1.547180675 
1335103064.86129 0.491037 1.231148 -1.554311675 
1335103064.96828 0.492766 1.224907 -1.532083675 
1335103065.07743 0.492640 1.219429 -1.578643975 
1335103065.18582 0.490566 1.215199 -1.529475675 
1335103065.2941 0.492493 1.210201 -1.537873675 
1335103065.40678 0.492623 1.204375 -1.530938675 
1335103065.46678 0.493032 1.200600 -1.519429675 
1335103065.57394 0.493946 1.195894 -1.570743675 
1335103065.68166 0.493349 1.188393 -1.555283675 
1335103065.79052 0.494640 1.185566 -1.509093675 
1335103065.89772 0.495543 1.179397 -1.526446675 
1335103066.00574 0.495928 1.173189 -1.566490675 
1335103066.06571 0.494437 1.169961 -1.498871675 
1335103066.17282 0.495037 1.163732 -1.515664675 
1335103066.28105 0.494717 1.157620 -1.562061675 
1335103066.39323 0.495429 1.153520 -1.520307675 
1335103066.50152 0.494500 1.147925 -1.514004675 
1335103066.56136 0.494661 1.141987 -1.560762675 
1335103066.66856 0.495344 1.136604 -1.557727675 
1335103066.77697 0.494336 1.131775 -1.504477675 
1335103066.87767 0.494905 1.125758 -1.565314675 
1335103066.98505 0.496443 1.120404 -1.555367675 
1335103067.09432 0.494196 1.115754 -1.518139675 
1335103067.20308 0.495434 1.110015 -1.554270675 
1335103067.26285 0.496064 1.104650 -1.537565675 
1335103067.36975 0.496088 1.099967 -1.528336675 
1335103067.48147 0.495256 1.095395 -1.566725675 
1335103067.59005 0.496735 1.088269 -1.553768675 
1335103067.69691 0.496713 1.085449 -1.531148675 
1335103067.80517 0.498259 1.079027 -1.538905675 
1335103067.86518 0.497750 1.073367 -1.552216675 
1335103067.97239 0.497194 1.069553 -1.514292675 
1335103068.07991 0.498319 1.063022 -1.502558675 
1335103068.18803 0.497940 1.057014 -1.553912675 
1335103068.29608 0.498345 1.053130 -1.469300675 
1335103068.40434 0.497823 1.047119 -1.507214675 
1335103068.46421 0.498310 1.040893 -1.562650675 
1335103068.57529 0.498914 1.036796 -1.517513675 
1335103068.68331 0.497360 1.031386 -1.535147675 
1335103068.79089 0.498397 1.029468 -1.504681675 
1335103068.89904 0.498062 1.024383 -1.547363675 
1335103069.0069 0.497408 1.022517 -1.516310675 
1335103069.07292 0.499248 1.018266 -1.559667675 
1335103069.18075 0.499248 1.018266 -1.559667675 
1335103069.28902 0.499248 1.018266 -1.559667675 
1335103069.397 0.499248 1.018266 -1.559667675 
1335103069.50521 0.499248 1.018266 -1.559667675 
1335103069.56522 0.499248 1.018266 -1.559667675 
1335103069.6767 0.499248 1.018266 -1.559667675 
1335103069.78514 0.499248 1.018266 -1.559667675 
1335103069.89335 0.499248 1.018266 -1.559667675 
1335103070.00111 0.499248 1.018266 -1.559667675 
1335103070.06119 0.499248 1.018266 -1.559667675 
1335103070.1675 0.499248 1.018266 -1.559667675 
1335103070.2632 0.499248 1.018266 -1.559667675 
1335103070.35996 0.499248 1.018266 -1.559667675 
1335103070.46 0.499248 1.018266 -1.559667675 
1335103070.55999 0.499248 1.018266 -1.559667675 
1335103070.66002 0.499248 1.018266 -1.559667675 
1335103070.76753 0.499248 1.018266 -1.559667675 
1335103070.87517 0.499248 1.018266 -1.559667675 
1335103070.98236 0.499248 1.018266 -1.559667675 
1335103071.09199 0.499248 1.018266 -1.559667675 
1335103071.20029 0.499248 1.018266 -1.559667675 
1335103071.26038 0.499248 1.018266 -1.559667675 
1335103071.36627 0.499248 1.018266 -1.559667675 
1335103071.46145 0.499248 1.018266 -1.559667675 
1335103071.56009 0.499248 1.018266 -1.559667675 
1335103071.6718 0.499248 1.018266 -1.559667675 
1335103071.77988 0.499248 1.018266 -1.559667675 
1335103071.88783 0.499248 1.018266 -1.559667675 
1335103071.99283 0.499248 1.018266 -1.559667675 
1335103072.10009 0.499248 1.018266 -1.559667675 
1335103072.1603 0.499248 1.018266 -1.559667675 
1335103072.26721 0.499248 1.018266 -1.559667675 
1335103072.37497 0.499248 1.018266 -1.559667675 
1335103072.48305 0.499248 1.018266 -1.559667675 
1335103072.59163 0.499248 1.018266 -1.559667675 
1335103072.70344 0.499248 1.018266 -1.559667675 
1335103072.76348 0.499248 1.018266 -1.559667675 
1335103072.86975 0.499248 1.018266 -1.559667675 
1335103072.9775 0.499248 1.018266 -1.559667675 
1335103073.08565 0.499248 1.018266 -1.559667675 
1335103073.19327 0.499248 1.018266 -1.559667675 
1335103073.3015 0.499248 1.018266 -1.559667675 
1335103073.3616 0.499248 1.018266 -1.559667675 
1335103073.46861 0.499248 1.018266 -1.559667675 
1335103073.57632 0.499248 1.018266 -1.559667675 
1335103073.68364 0.499248 1.018266 -1.559667675 
1335103073.79621 0.499248 1.018266 -1.559667675 
1335103073.90446 0.499248 1.018266 -1.559667675 
1335103073.96379 0.499248 1.018266 -1.559667675 
1335103074.07085 0.499248 1.018266 -1.559667675 
1335103074.17866 0.499248 1.018266 -1.559667675 
1335103074.28628 0.499248 1.018266 -1.559667675 
1335103074.39459 0.499248 1.018266 -1.559667675 
1335103074.50268 0.499248 1.018266 -1.559667675 
1335103074.5621 0.499248 1.018266 -1.559667675 
1335103074.66909 0.499248 1.018266 -1.559667675 
1335103074.78141 0.499248 1.018266 -1.559667675 
1335103074.89033 0.499248 1.018266 -1.559667675 
1335103075.00129 0.499248 1.018266 -1.559667675 
1335103075.06288 0.499248 1.018266 -1.559667675 
1335103075.17087 0.499248 1.018266 -1.559667675 
1335103075.27951 0.499248 1.018266 -1.559667675 
1335103075.38729 0.499248 1.018266 -1.559667675 
1335103075.49478 0.499248 1.018266 -1.559667675 
1335103075.56846 0.499248 1.018266 -1.559667675 
1335103075.67592 0.499248 1.018266 -1.559667675 
1335103075.78829 0.499248 1.018266 -1.559667675 
